1.438 0.562004 
1.38828 0.611722 
1.45269 0.547309 
1.50719 0.492811 
1.54786 0.452144 
1.45829 0.541708 
1.17744 0.82256 
1.39251 0.607486 
1.36112 0.638883 
1.27897 0.721031 
1.41141 0.588593 
1.16918 0.830819 
1.08525 0.914746 
1.14469 0.855306 
1.40791 0.59209 
1.05241 0.947586 
1.11297 0.887029 
0.967986 1.03201 
0.858258 1.14174 
1.16167 0.838334 
1.26292 0.737085 
1.16032 0.839682 
1.34653 0.653471 
1.4826 0.517397 
1.40722 0.592783 
1.56033 0.439675 
1.4218 0.578199 
1.45337 0.546631 
1.19475 0.805252 
0.92056 1.07944 
0.854215 1.14579 
0.78063 1.21937 
0.964308 1.03569 
0.863494 1.13651 
1.02367 0.976335 
1.2297 0.770302 
0.9662 1.0338 
0.978666 1.02133 
1.01211 0.987893 
0.873452 1.12655 
1.04599 0.954005 
1.25458 0.745417 
1.24725 0.75275 
1.34624 0.653757 
1.08405 0.91595 
1.11274 0.887259 
1.07397 0.926032 
1.25561 0.744386 
1.13861 0.861391 
1.27449 0.725515 
1.20141 0.798586 
1.03555 0.964453 
1.00156 0.998442 
0.872245 1.12775 
1.11384 0.886157 
1.20352 0.796479 
1.32198 0.678016 
1.20082 0.799181 
1.16766 0.832336 
1.03596 0.964038 
1.1162 0.883803 
1.23257 0.767427 
1.2654 0.734596 
1.4554 0.5446 
1.28915 0.710851 
1.25808 0.741919 
1.07982 0.920184 
1.36345 0.636549 
1.26411 0.735895 
1.35825 0.641752 
1.30316 0.696842 
1.16984 0.83016 
1.23362 0.766384 
1.13651 0.863488 
1.25375 0.746253 
1.25507 0.744932 
1.41779 0.582214 
1.31874 0.68126 
1.08515 0.914847 
1.26292 0.737076 
1.23163 0.768369 
1.17398 0.826015 
1.51691 0.483091 
1.46729 0.532714 
1.68337 0.316631 
1.19616 0.80384 
1.20846 0.791537 
1.41851 0.581492 
1.46909 0.53091 
1.17835 0.821648 
1.16514 0.834861 
1.31218 0.687821 
1.39098 0.609019 
1.43275 0.567248 
1.45796 0.542038 
1.38965 0.610353 
1.2505 0.7495 
1.26612 0.733884 
1.27994 0.720061 
1.12686 0.873144 
0.941416 1.05858 
0.757051 1.24295 
0.591639 1.40836 
0.947109 1.05289 
0.98544 1.01456 
0.845505 1.15449 
1.17714 0.82286 
1.38173 0.61827 
1.19137 0.808627 
1.62847 0.371534 
1.42227 0.577735 
1.34145 0.65855 
1.66598 0.33402 
1.26457 0.735434 
1.12617 0.873826 
1.17679 0.82321 
1.13551 0.864489 
1.11745 0.882547 
1.32077 0.67923 
0.910404 1.0896 
0.752945 1.24706 
0.883551 1.11645 
0.854401 1.1456 
0.790765 1.20923 
0.705928 1.29407 
0.870885 1.12911 
1.3254 0.6746 
1.30273 0.697274 
1.13052 0.869477 
1.16209 0.837911 
1.20826 0.791735 
1.4112 0.588805 
1.09591 0.90409 
1.17635 0.823652 
0.977976 1.02202 
1.03341 0.966586 
1.04975 0.950253 
1.04859 0.951415 
1.20756 0.792442 
1.13434 0.865657 
1.40932 0.590676 
1.00491 0.995095 
1.09697 0.903025 
1.23975 0.760247 
1.14337 0.85663 
1.27924 0.720763 
1.23267 0.76733 
1.51976 0.480243 
1.17198 0.828023 
1.22894 0.771057 
1.12798 0.872017 
1.38619 0.613807 
1.35607 0.643931 
1.30622 0.693781 
1.51171 0.48829 
1.29452 0.705475 
1.11572 0.884277 
1.07951 0.920486 
1.33366 0.666339 
1.33521 0.66479 
1.18365 0.816354 
1.46399 0.536008 
1.29973 0.700269 
1.06644 0.93356 
1.28382 0.716175 
1.18948 0.810519 
1.2251 0.774896 
1.10628 0.893717 
0.933167 1.06683 
1.04054 0.959465 
0.947682 1.05232 
0.956288 1.04371 
1.11672 0.88328 
1.497 0.502996 
1.59341 0.406593 
1.09356 0.906444 
0.972316 1.02768 
0.718317 1.28168 
0.675078 1.32492 
0.778025 1.22198 
0.875654 1.12435 
1.36657 0.633433 
1.10609 0.89391 
0.938473 1.06153 
0.982662 1.01734 
0.805885 1.19412 
0.842056 1.15794 
1.10104 0.898963 
1.15453 0.845475 
1.20188 0.798122 
0.978848 1.02115 
0.9754 1.0246 
0.973549 1.02645 
0.897023 1.10298 
0.928917 1.07108 
1.18534 0.814664 
1.17999 0.820013 
1.02008 0.979919 
0.941052 1.05895 
0.990519 1.00948 
1.09781 0.902185 
1.22015 0.779848 
1.2776 0.722398 
1.41763 0.582368 
1.33257 0.667427 
1.08979 0.910205 
0.940651 1.05935 
1.05836 0.941644 
1.3807 0.619298 
1.52722 0.472781 
0.888903 1.1111 
0.310984 1.68902 
0.812269 1.18773 
0.678741 1.32126 
1.24367 0.756329 
1.84615 0.153851 
1.78234 0.217662 
0.731465 1.26854 
0.112372 1.88763 
0.264881 1.73512 
0.439747 1.56025 
0.572317 1.42768 
1.3149 0.685099 
1.69793 0.30207 
1.00469 0.995312 
0.434812 1.56519 
0.223021 1.77698 
0.393702 1.6063 
0.652806 1.34719 
1.19674 0.803262 
1.50455 0.49545 
1.19552 0.804478 
1.08288 0.917122 
0.56278 1.43722 
0.699905 1.3001 
0.789623 1.21038 
1.07219 0.927813 
1.39545 0.604553 
1.37236 0.627637 
1.00133 0.998672 
0.960597 1.0394 
0.968365 1.03164 
0.881166 1.11883 
1.33819 0.661809 
1.25135 0.748653 
1.47919 0.520808 
1.23997 0.760031 
1.12561 0.874387 
0.99588 1.00412 
0.774368 1.22563 
1.81378 0.186223 
1.65125 0.348751 
1.26022 0.739779 
1.13605 0.86395 
0.992515 1.00749 
1.08887 0.911125 
1.47491 0.525087 
1.85434 0.145659 
1.55761 0.442388 
0.834518 1.16548 
0.942518 1.05748 
0.871812 1.12819 
0.962152 1.03785 
1.11942 0.880583 
1.47007 0.529932 
1.48611 0.513886 
0.882148 1.11785 
0.778987 1.22101 
0.736647 1.26335 
0.773398 1.2266 
0.838077 1.16192 
1.10486 0.895138 
1.34954 0.650461 
0.963707 1.03629 
0.906248 1.09375 
0.958147 1.04185 
0.850659 1.14934 
0.816194 1.18381 
1.07279 0.92721 
1.36324 0.636763 
1.16438 0.835619 
0.832198 1.1678 
0.725927 1.27407 
0.772797 1.2272 
0.887325 1.11267 
0.995446 1.00455 
1.2065 0.793497 
1.2608 0.739197 
0.979294 1.02071 
0.803337 1.19666 
0.95255 1.04745 
0.936462 1.06354 
0.986129 1.01387 
1.25003 0.749968 
0.31148 1.68852 
0.734998 1.265 
0.574305 1.42569 
0.436957 1.56304 
0.78984 1.21016 
1.19043 0.809567 
1.47027 0.529733 
0.224083 1.77592 
0.386311 1.61369 
0.0750799 1.92492 
0.410151 1.58985 
0.420568 1.57943 
0.730261 1.26974 
0.925736 1.07426 
0.869625 1.13038 
0.600857 1.39914 
0.230439 1.76956 
0.532316 1.46768 
0.461853 1.53815 
0.598041 1.40196 
0.845145 1.15485 
1.34178 0.658216 
1.10095 0.899051 
0.635589 1.36441 
0.64826 1.35174 
0.52189 1.47811 
0.584841 1.41516 
0.588556 1.41144 
1.22008 0.779924 
1.23292 0.767081 
0.97205 1.02795 
0.838731 1.16127 
0.736535 1.26347 
0.986873 1.01313 
0.694125 1.30587 
1.20067 0.799327 
1.32383 0.676171 
1.15866 0.841339 
0.762275 1.23772 
0.812596 1.1874 
1.45734 0.542664 
1.21093 0.789066 
0.83015 1.16985 
0.0800779 1.91992 
0.228675 1.77132 
0.562784 1.43722 
0.594001 1.406 
0.710543 1.28946 
0.73421 1.26579 
0.602382 1.39762 
0.469144 1.53086 
0.533642 1.46636 
0.595919 1.40408 
0.278052 1.72195 
0.460625 1.53937 
0.921897 1.0781 
0.750059 1.24994 
0.650069 1.34993 
0.632567 1.36743 
0.452061 1.54794 
0.343483 1.65652 
0.360134 1.63987 
0.287493 1.71251 
0.765346 1.23465 
0.70459 1.29541 
0.928382 1.07162 
0.828016 1.17198 
0.91521 1.08479 
0.611902 1.3881 
0.780755 1.21924 
1.38485 0.615148 
1.03562 0.964381 
0.850361 1.14964 
0.90894 1.09106 
0.908495 1.0915 
1.00626 0.993739 
0.974537 1.02546 
1.10968 0.890318 
1.02055 0.979456 
1.05539 0.944607 
0.888956 1.11104 
0.737121 1.26288 
0.894812 1.10519 
1.14909 0.850912 
1.83286 0.167141 
1.38708 0.612916 
1.11703 0.882967 
1.0967 0.903299 
1.57604 0.423963 
1.65819 0.34181 
1.59184 0.408159 
1.00068 0.999321 
0.975843 1.02416 
0.830585 1.16941 
0.838454 1.16155 
0.908378 1.09162 
1.21426 0.78574 
1.56819 0.431811 
0.98821 1.01179 
0.930571 1.06943 
0.8683 1.1317 
0.742632 1.25737 
0.913933 1.08607 
1.00304 0.996959 
1.27943 0.720569 
1.07028 0.929721 
0.89946 1.10054 
0.976105 1.0239 
0.797043 1.20296 
0.921098 1.0789 
1.09851 0.901494 
1.31757 0.682431 
1.30264 0.69736 
0.998536 1.00146 
0.993233 1.00677 
0.914273 1.08573 
1.08885 0.911145 
1.11999 0.880014 
1.32821 0.67179 
1.27421 0.725786 
1.33826 0.661743 
1.09054 0.90946 
0.9947 1.0053 
1.10019 0.89981 
1.36602 0.633978 
1.35213 0.647871 
1.71548 0.284522 
1.78476 0.215236 
1.51435 0.485646 
1.47245 0.527555 
1.71741 0.282585 
1.59115 0.408853 
1.5123 0.487698 
1.18961 0.810388 
0.758462 1.24154 
0.695499 1.3045 
0.867412 1.13259 
0.77654 1.22346 
0.855552 1.14445 
1.14364 0.856363 
0.895512 1.10449 
0.707742 1.29226 
0.986032 1.01397 
0.830596 1.1694 
0.820381 1.17962 
0.569859 1.43014 
0.50682 1.49318 
0.539648 1.46035 
0.547415 1.45258 
0.641841 1.35816 
0.361005 1.639 
0.329717 1.67028 
0.574186 1.42581 
0.724816 1.27518 
1.02222 0.97778 
0.679047 1.32095 
0.66035 1.33965 
0.586824 1.41318 
0.753191 1.24681 
0.495294 1.50471 
0.637849 1.36215 
1.16054 0.839456 
0.668899 1.3311 
0.711182 1.28882 
0.756093 1.24391 
0.467861 1.53214 
0.762814 1.23719 
1.05555 0.944452 
1.82842 0.17158 
1.77924 0.220761 
1.31844 0.681559 
1.06301 0.936986 
1.28357 0.716426 
1.69535 0.304652 
1.65966 0.340345 
1.5351 0.464904 
1.04123 0.958767 
0.989087 1.01091 
0.749222 1.25078 
0.993205 1.00679 
0.95655 1.04345 
1.15551 0.844493 
1.2547 0.745299 
0.949211 1.05079 
0.884613 1.11539 
0.86513 1.13487 
0.906678 1.09332 
0.896461 1.10354 
1.00118 0.998825 
1.23405 0.765951 
1.0044 0.995595 
0.914456 1.08554 
0.988532 1.01147 
0.953977 1.04602 
0.993443 1.00656 
0.847292 1.15271 
1.45213 0.547868 
1.03749 0.962507 
1.01388 0.986119 
1.05457 0.945428 
1.04555 0.954449 
1.14041 0.85959 
0.871956 1.12804 
1.4002 0.599797 
1.19791 0.802085 
1.07829 0.921715 
1.04209 0.957911 
1.13466 0.865336 
1.27159 0.728412 
1.09352 0.906483 
1.96813 0.031873 
1.11148 0.888516 
0.852928 1.14707 
0.836744 1.16326 
0.932583 1.06742 
0.923822 1.07618 
0.771433 1.22857 
1.17512 0.82488 
0.866033 1.13397 
0.912943 1.08706 
0.842632 1.15737 
0.765356 1.23464 
0.881061 1.11894 
1.04353 0.956474 
1.24445 0.755548 
1.05979 0.940207 
0.95511 1.04489 
0.845263 1.15474 
0.945025 1.05497 
1.01176 0.988243 
1.12643 0.873569 
1.21453 0.785466 
0.997502 1.0025 
0.919347 1.08065 
0.856295 1.1437 
1.04472 0.955277 
1.23733 0.762673 
1.29405 0.705946 
1.28489 0.715111 
1.09857 0.901429 
1.07924 0.920757 
1.14075 0.85925 
1.10885 0.891151 
1.13414 0.865856 
1.28432 0.715681 
1.36352 0.636478 
1.12552 0.874478 
0.928159 1.07184 
0.92072 1.07928 
1.10502 0.894977 
1.31924 0.680759 
1.21936 0.780639 
1.51066 0.489342 
0.870517 1.12948 
0.444259 1.55574 
0.313752 1.68625 
0.660331 1.33967 
0.553283 1.44672 
0.58714 1.41286 
1.08232 0.917682 
0.428629 1.57137 
0.376503 1.6235 
0.138291 1.86171 
0.418457 1.58154 
0.41422 1.58578 
0.763813 1.23619 
1.02668 0.973325 
0.401853 1.59815 
0.40119 1.59881 
0.582394 1.41761 
0.201867 1.79813 
0.886376 1.11363 
0.953304 1.0467 
0.73668 1.26332 
0.693162 1.30684 
0.333247 1.66675 
0.611136 1.38886 
0.698546 1.30145 
1.20983 0.79017 
1.33485 0.665153 
0.401642 1.59836 
0.627566 1.37243 
0.315271 1.68473 
0.705941 1.29406 
0.930059 1.06994 
1.15852 0.841484 
1.42036 0.579643 
1.08898 0.911017 
0.812829 1.18717 
0.590041 1.40996 
0.851471 1.14853 
0.994673 1.00533 
1.41689 0.583111 
1.39867 0.60133 
1.93115 0.0688462 
1.77367 0.226332 
1.1659 0.834101 
1.01557 0.984427 
1.09116 0.908841 
1.11974 0.880262 
1.13407 0.865933 
1.7165 0.2835 
1.0485 0.951505 
1.00059 0.999413 
0.863967 1.13603 
0.939874 1.06013 
0.972204 1.0278 
0.777015 1.22298 
1.34622 0.653777 
0.917268 1.08273 
0.830764 1.16924 
0.792813 1.20719 
0.807275 1.19273 
0.777985 1.22201 
0.823426 1.17657 
1.25196 0.748042 
1.16137 0.838634 
1.05191 0.948086 
0.896267 1.10373 
0.89899 1.10101 
1.03309 0.966909 
0.965468 1.03453 
1.31113 0.688874 
1.03897 0.961034 
0.830245 1.16976 
0.846788 1.15321 
0.87776 1.12224 
0.966503 1.0335 
1.14072 0.859277 
1.00305 0.996949 
0.724327 1.27567 
0.899812 1.10019 
0.970644 1.02936 
1.01424 0.98576 
1.15688 0.843119 
1.25421 0.745794 
2.20589 -0.205889 
1.2913 0.708699 
0.768556 1.23144 
0.450952 1.54905 
0.702832 1.29717 
0.734845 1.26516 
0.795527 1.20447 
2.01527 -0.015272 
0.615515 1.38448 
0.551658 1.44834 
0.235036 1.76496 
0.496043 1.50396 
0.535534 1.46447 
0.974181 1.02582 
1.63707 0.362925 
0.580706 1.41929 
0.66556 1.33444 
0.487281 1.51272 
0.319706 1.68029 
0.849017 1.15098 
1.17731 0.822695 
1.59581 0.404184 
0.847206 1.15279 
0.491995 1.508 
0.429624 1.57038 
0.820698 1.1793 
1.15954 0.840459 
1.37971 0.620294 
1.42932 0.570678 
0.697188 1.30281 
0.499582 1.50042 
0.60578 1.39422 
0.802732 1.19727 
1.3253 0.674696 
1.4409 0.559102 
1.60112 0.398879 
0.908528 1.09147 
0.771941 1.22806 
0.807167 1.19283 
0.773589 1.22641 
1.51949 0.480513 
1.72112 0.278884 
