1.11682 0.883183 
1.11299 0.887007 
1.1165 0.883501 
1.10873 0.891271 
1.09919 0.90081 
1.10979 0.890209 
1.08942 0.910577 
1.07605 0.923946 
1.06056 0.939439 
1.04497 0.955025 
1.06075 0.939251 
1.0465 0.953501 
1.05274 0.947258 
1.05133 0.948667 
1.06594 0.934059 
1.01569 0.984314 
0.990205 1.0098 
0.967837 1.03216 
0.961196 1.0388 
1.00586 0.994144 
1.0347 0.965303 
1.07393 0.926073 
1.08956 0.910444 
1.10225 0.897754 
1.09089 0.909109 
1.10829 0.891712 
1.07748 0.922517 
1.06882 0.931182 
1.04259 0.957407 
0.978223 1.02178 
0.950883 1.04912 
0.945485 1.05452 
0.960774 1.03923 
0.984115 1.01588 
1.01307 0.986931 
1.04114 0.958861 
0.99953 1.00047 
0.988659 1.01134 
0.989531 1.01047 
0.972669 1.02733 
1.01348 0.986517 
1.04148 0.958523 
1.04124 0.958757 
1.05238 0.947619 
1.01764 0.982363 
1.01851 0.981491 
1.01316 0.986837 
1.04827 0.951727 
1.04103 0.958974 
1.04952 0.950476 
1.03018 0.969825 
1.001 0.998996 
1.00267 0.997328 
0.986591 1.01341 
1.02142 0.978579 
1.03704 0.962961 
1.05246 0.947538 
1.01639 0.98361 
1.00708 0.992924 
0.999239 1.00076 
1.00715 0.992849 
1.0318 0.968199 
1.03872 0.961282 
1.07304 0.926956 
1.03404 0.965955 
1.02818 0.971816 
1.00291 0.997088 
1.03109 0.968913 
1.0415 0.958505 
1.05287 0.947129 
1.05225 0.94775 
1.02232 0.977682 
1.0207 0.979303 
1.01171 0.988285 
1.02278 0.977215 
1.0516 0.948404 
1.05831 0.94169 
1.05792 0.94208 
1.01952 0.980485 
1.02585 0.974153 
1.02559 0.974411 
1.02993 0.970075 
1.0829 0.917095 
1.06017 0.939831 
1.14326 0.856745 
1.07781 0.922191 
1.07137 0.928635 
1.07099 0.929005 
1.07576 0.924244 
1.08325 0.916754 
1.09012 0.909882 
1.06305 0.936951 
1.06571 0.934286 
1.07096 0.929041 
1.07931 0.920685 
1.07041 0.929586 
1.06434 0.935656 
1.06321 0.936794 
1.03972 0.960276 
1.01075 0.989253 
0.970151 1.02985 
0.946429 1.05357 
0.942825 1.05717 
0.987295 1.01271 
0.998648 1.00135 
1.04489 0.955113 
1.0575 0.9425 
1.07028 0.929718 
1.0578 0.942197 
1.08943 0.910571 
1.05566 0.944337 
1.04869 0.951306 
1.09031 0.909694 
1.0339 0.966099 
1.00667 0.993334 
1.00811 0.991892 
0.994806 1.00519 
1.02127 0.978729 
1.05892 0.941077 
1.01379 0.986214 
0.966722 1.03328 
0.963548 1.03645 
0.959282 1.04072 
0.95108 1.04892 
0.959175 1.04083 
0.990876 1.00912 
1.06438 0.935616 
1.04356 0.956441 
1.02521 0.974788 
1.02632 0.97368 
1.03069 0.96931 
1.0474 0.952602 
1.02182 0.97818 
1.04287 0.957128 
1.00052 0.999477 
1.00384 0.996157 
1.00492 0.995081 
1.00314 0.996856 
1.03262 0.967379 
1.03169 0.968307 
1.06562 0.934382 
1.00999 0.990009 
1.00662 0.99338 
1.01361 0.986395 
1.00704 0.99296 
1.03392 0.966079 
1.03745 0.962554 
1.08106 0.918937 
1.02608 0.973923 
1.02202 0.977976 
1.0159 0.984098 
1.03495 0.965048 
1.04211 0.957893 
1.04723 0.95277 
1.08288 0.917124 
1.04126 0.958736 
1.01216 0.987838 
1.01176 0.988242 
1.02371 0.976293 
1.04789 0.952105 
1.04247 0.957533 
1.07737 0.922631 
1.05197 0.948032 
1.00817 0.99183 
1.03022 0.969776 
1.02201 0.977985 
1.04331 0.95669 
1.03802 0.961984 
0.984138 1.01586 
0.985907 1.01409 
0.969793 1.03021 
0.971031 1.02897 
0.997802 1.0022 
1.09615 0.903849 
1.13365 0.866349 
1.003 0.997001 
0.971695 1.02831 
0.935192 1.06481 
0.928265 1.07173 
0.93753 1.06247 
0.976179 1.02382 
1.05859 0.941412 
1.0126 0.987401 
0.974416 1.02558 
0.959567 1.04043 
0.939888 1.06011 
0.951731 1.04827 
0.992203 1.0078 
1.01014 0.989857 
1.03735 0.962653 
1.00414 0.995856 
0.98476 1.01524 
0.978288 1.02171 
0.979772 1.02023 
1.00289 0.997111 
1.03153 0.968467 
1.04135 0.958651 
1.01401 0.985995 
0.992063 1.00794 
0.991354 1.00865 
1.00711 0.992889 
1.04565 0.954355 
1.04553 0.954475 
1.06353 0.936472 
1.05101 0.948991 
1.02433 0.975667 
1.01191 0.988088 
1.0232 0.9768 
1.06676 0.933238 
1.07158 0.928415 
0.958533 1.04147 
0.867473 1.13253 
0.926121 1.07388 
0.936057 1.06394 
1.02629 0.973708 
1.12924 0.870765 
1.18369 0.816313 
0.927485 1.07252 
0.824149 1.17585 
0.826005 1.174 
0.867335 1.13266 
0.888014 1.11199 
1.04086 0.959142 
1.22596 0.774035 
0.973069 1.02693 
0.855781 1.14422 
0.794562 1.20544 
0.827536 1.17246 
0.867715 1.13228 
1.01152 0.988478 
1.17644 0.823556 
1.03987 0.960131 
0.953027 1.04697 
0.846194 1.15381 
0.878068 1.12193 
0.897247 1.10275 
1.01148 0.988523 
1.13479 0.86521 
1.09969 0.90031 
0.99173 1.00827 
0.92512 1.07488 
0.94661 1.05339 
0.933837 1.06616 
1.08583 0.914173 
1.0997 0.900296 
1.10973 0.890266 
1.03626 0.963741 
0.989323 1.01068 
0.980254 1.01975 
0.959067 1.04093 
1.16849 0.831506 
1.10618 0.893817 
1.04107 0.958927 
1.01631 0.983693 
1.00046 0.999538 
1.02481 0.975191 
1.09767 0.902326 
1.15725 0.84275 
1.08599 0.914015 
0.9763 1.0237 
0.977549 1.02245 
0.972696 1.0273 
0.982197 1.0178 
1.00417 0.995829 
1.07817 0.921835 
1.09192 0.908081 
0.971833 1.02817 
0.951777 1.04822 
0.943538 1.05646 
0.943146 1.05685 
0.947086 1.05291 
0.994893 1.00511 
1.05151 0.948486 
0.987104 1.0129 
0.966267 1.03373 
0.954205 1.0458 
0.945222 1.05478 
0.954594 1.04541 
0.999405 1.0006 
1.04756 0.952437 
1.0197 0.9803 
0.970084 1.02992 
0.941332 1.05867 
0.947232 1.05277 
0.973056 1.02694 
1.00419 0.995806 
1.0414 0.958601 
1.05539 0.944608 
1.0046 0.995405 
0.975149 1.02485 
0.988841 1.01116 
0.988319 1.01168 
1.01606 0.98394 
1.04597 0.954031 
0.905152 1.09485 
0.907861 1.09214 
0.893412 1.10659 
0.896953 1.10305 
0.944328 1.05567 
1.01652 0.983485 
1.16195 0.838047 
0.875414 1.12459 
0.851906 1.14809 
0.813758 1.18624 
0.843557 1.15644 
0.863087 1.13691 
0.910582 1.08942 
1.09509 0.904913 
0.967466 1.03253 
0.885561 1.11444 
0.797657 1.20234 
0.822765 1.17723 
0.842609 1.15739 
0.901387 1.09861 
1.03992 0.960079 
1.06202 0.937978 
0.971875 1.02812 
0.858022 1.14198 
0.856357 1.14364 
0.859731 1.14027 
0.933008 1.06699 
1.01168 0.988322 
1.09112 0.908878 
1.03872 0.961284 
0.938929 1.06107 
0.922417 1.07758 
0.911194 1.08881 
1.00366 0.996338 
1.03708 0.962924 
1.08804 0.911957 
1.06206 0.937944 
0.995789 1.00421 
0.964218 1.03578 
0.966676 1.03332 
1.09101 0.908987 
1.07975 0.920251 
1.11201 0.887989 
0.950634 1.04937 
0.917651 1.08235 
0.953521 1.04648 
0.961634 1.03837 
1.03175 0.968249 
1.05361 0.946392 
0.911221 1.08878 
0.859093 1.14091 
0.839866 1.16013 
0.843579 1.15642 
0.827333 1.17267 
0.865049 1.13495 
0.954054 1.04595 
0.900809 1.09919 
0.865147 1.13485 
0.841903 1.1581 
0.820771 1.17923 
0.81035 1.18965 
0.823415 1.17659 
0.837619 1.16238 
0.952254 1.04775 
0.915567 1.08443 
0.923987 1.07601 
0.906368 1.09363 
0.909184 1.09082 
0.888232 1.11177 
0.938531 1.06147 
1.03473 0.965275 
0.986515 1.01348 
0.959551 1.04045 
0.962332 1.03767 
0.960994 1.03901 
1.00981 0.990193 
1.02333 0.976672 
1.05434 0.945664 
1.02708 0.97292 
1.01286 0.98714 
1.01561 0.984386 
1.00785 0.992155 
1.02521 0.974792 
1.03586 0.96414 
1.15535 0.844645 
1.05771 0.942286 
0.996717 1.00328 
1.01609 0.983911 
1.09012 0.909879 
1.12095 0.879049 
1.07061 0.929388 
1.01359 0.986405 
0.958416 1.04158 
0.945972 1.05403 
0.955466 1.04453 
0.964981 1.03502 
1.04153 0.958469 
1.09934 0.900657 
0.974361 1.02564 
0.960837 1.03916 
0.946181 1.05382 
0.941638 1.05836 
0.955276 1.04472 
0.986322 1.01368 
1.0449 0.955101 
0.988212 1.01179 
0.96944 1.03056 
0.966689 1.03331 
0.951119 1.04888 
0.973055 1.02694 
0.999582 1.00042 
1.03968 0.960325 
1.036 0.964001 
0.992598 1.0074 
0.986052 1.01395 
0.974377 1.02562 
1.00426 0.995736 
1.02261 0.977388 
1.05339 0.946615 
1.04563 0.95437 
1.04138 0.958623 
1.01025 0.989749 
1.00609 0.993911 
1.01643 0.983566 
1.06249 0.93751 
1.0493 0.950702 
1.23792 0.762077 
1.23528 0.764718 
1.14132 0.858685 
1.13967 0.860331 
1.21757 0.782434 
1.23892 0.761075 
1.16068 0.839324 
1.03579 0.964211 
0.933913 1.06609 
0.888871 1.11113 
0.892936 1.10706 
0.899268 1.10073 
0.951857 1.04814 
1.01599 0.98401 
0.932471 1.06753 
0.875755 1.12425 
0.890159 1.10984 
0.876114 1.12389 
0.857921 1.14208 
0.852002 1.148 
0.880941 1.11906 
0.920723 1.07928 
0.884778 1.11522 
0.866821 1.13318 
0.840869 1.15913 
0.830567 1.16943 
0.858366 1.14163 
0.911272 1.08873 
0.961527 1.03847 
0.9116 1.0884 
0.905607 1.09439 
0.896481 1.10352 
0.924169 1.07583 
0.936625 1.06337 
0.973745 1.02625 
1.05581 0.944194 
0.986878 1.01312 
0.964547 1.03545 
0.968937 1.03106 
0.948431 1.05157 
0.982635 1.01737 
1.01181 0.988192 
1.13397 0.86603 
1.13277 0.867227 
1.04098 0.959021 
0.999248 1.00075 
1.02296 0.977038 
1.12192 0.878076 
1.12046 0.879538 
1.11338 0.886623 
0.999682 1.00032 
0.968951 1.03105 
0.94973 1.05027 
0.962368 1.03763 
0.9654 1.0346 
1.02895 0.971047 
1.04471 0.955286 
0.976281 1.02372 
0.95452 1.04548 
0.958611 1.04139 
0.946161 1.05384 
0.95837 1.04163 
0.980773 1.01923 
1.03382 0.966178 
0.988025 1.01198 
0.966219 1.03378 
0.972156 1.02784 
0.957934 1.04207 
0.982777 1.01722 
0.968207 1.03179 
1.06577 0.934231 
1.00937 0.990631 
0.986748 1.01325 
0.993621 1.00638 
0.981177 1.01882 
1.0096 0.990395 
0.993592 1.00641 
1.07018 0.929818 
1.04098 0.959021 
1.00884 0.991156 
1.00921 0.990793 
1.01841 0.981594 
1.04183 0.958169 
1.03354 0.966456 
1.18375 0.816254 
1.02765 0.97235 
0.971671 1.02833 
0.967078 1.03292 
0.975097 1.0249 
0.971546 1.02845 
0.976709 1.02329 
1.02593 0.974069 
0.950368 1.04963 
0.947596 1.0524 
0.946698 1.0533 
0.942317 1.05768 
0.974639 1.02536 
1.0058 0.994197 
1.02154 0.97846 
0.981219 1.01878 
0.953061 1.04694 
0.939165 1.06084 
0.957355 1.04264 
0.984887 1.01511 
1.01026 0.989736 
1.03614 0.963862 
1.00152 0.998477 
0.971691 1.02831 
0.971079 1.02892 
1.0005 0.999502 
1.02544 0.974559 
1.03668 0.963325 
1.05844 0.941559 
1.01979 0.980213 
1.00452 0.995477 
1.0087 0.991303 
1.01498 0.985017 
1.03565 0.964353 
1.04007 0.959931 
1.0608 0.939197 
1.03812 0.961884 
1.00569 0.994307 
1.00462 0.995381 
1.02743 0.972571 
1.05231 0.94769 
1.0375 0.962504 
1.17706 0.822943 
0.966177 1.03382 
0.909645 1.09035 
0.87397 1.12603 
0.898082 1.10192 
0.911099 1.0889 
0.962156 1.03784 
1.09294 0.907059 
0.865805 1.1342 
0.858893 1.14111 
0.815362 1.18464 
0.825602 1.1744 
0.888166 1.11183 
0.962297 1.0377 
1.04461 0.955389 
0.849679 1.15032 
0.825042 1.17496 
0.842002 1.158 
0.802566 1.19743 
0.948601 1.0514 
0.994672 1.00533 
1.01889 0.981107 
0.897299 1.1027 
0.818117 1.18188 
0.858031 1.14197 
0.896364 1.10364 
1.00249 0.997514 
1.06779 0.932214 
1.02829 0.971705 
0.929932 1.07007 
0.855255 1.14475 
0.903885 1.09612 
0.966268 1.03373 
1.02232 0.977684 
1.09407 0.905929 
1.11508 0.88492 
0.979191 1.02081 
0.924421 1.07558 
0.969711 1.03029 
1.00394 0.996057 
1.0758 0.924196 
1.0945 0.905505 
1.16045 0.83955 
1.14856 0.851442 
1.04154 0.958459 
1.00656 0.993436 
1.01058 0.989416 
1.02491 0.975085 
1.0341 0.965902 
1.12551 0.874493 
1.01753 0.982468 
0.986686 1.01331 
0.970864 1.02914 
0.978724 1.02128 
0.975862 1.02414 
0.983171 1.01683 
1.04952 0.950482 
0.968605 1.03139 
0.951799 1.0482 
0.940647 1.05935 
0.938005 1.062 
0.952335 1.04766 
0.975315 1.02469 
1.03896 0.961039 
0.99551 1.00449 
0.967275 1.03272 
0.951088 1.04891 
0.955741 1.04426 
0.982278 1.01772 
0.983896 1.0161 
1.04296 0.957037 
0.982843 1.01716 
0.951716 1.04828 
0.955169 1.04483 
0.969083 1.03092 
0.991548 1.00845 
1.01688 0.98312 
1.03925 0.960755 
0.980854 1.01915 
0.980138 1.01986 
0.987494 1.01251 
1.00295 0.997054 
1.03175 0.968248 
1.03675 0.963249 
1.25821 0.741794 
1.06246 0.937537 
0.960801 1.0392 
0.907714 1.09229 
0.900356 1.09964 
0.932552 1.06745 
0.943976 1.05602 
1.27273 0.727273 
0.917346 1.08265 
0.8694 1.1306 
0.84611 1.15389 
0.841953 1.15805 
0.900806 1.09919 
0.944264 1.05574 
1.19075 0.809254 
0.882612 1.11739 
0.853018 1.14698 
0.843109 1.15689 
0.815478 1.18452 
0.937766 1.06223 
0.999625 1.00037 
1.14784 0.852165 
0.941748 1.05825 
0.831644 1.16836 
0.862652 1.13735 
0.897901 1.1021 
0.982673 1.01733 
1.05764 0.942359 
1.15896 0.841037 
0.961777 1.03822 
0.879614 1.12039 
0.904751 1.09525 
0.940603 1.0594 
1.02708 0.972916 
1.09568 0.904319 
1.18214 0.817859 
1.01124 0.988756 
0.954943 1.04506 
0.961128 1.03887 
0.977371 1.02263 
1.06458 0.935423 
1.1226 0.877397 
