1.40011 0.599894 
0.931413 1.06859 
0.824261 1.17574 
0.859916 1.14008 
0.937381 1.06262 
1.03819 0.961813 
1.13925 0.860753 
0.755248 1.24475 
0.508371 1.49163 
0.383198 1.6168 
0.510954 1.48905 
0.394771 1.60523 
0.583198 1.4168 
0.922647 1.07735 
0.6996 1.3004 
0.330856 1.66914 
0.186805 1.81319 
0.191193 1.80881 
0.153221 1.84678 
0.42715 1.57285 
0.644505 1.35549 
0.856348 1.14365 
0.553898 1.4461 
0.456542 1.54346 
0.352426 1.64757 
0.364927 1.63507 
0.548329 1.45167 
0.80207 1.19793 
0.897459 1.10254 
0.598536 1.40146 
0.25905 1.74095 
0.323341 1.67666 
0.475905 1.52409 
0.65858 1.34142 
0.947589 1.05241 
0.989516 1.01048 
0.805487 1.19451 
0.644469 1.35553 
0.64524 1.35476 
0.689356 1.31064 
0.866486 1.13351 
0.864593 1.13541 
0.95685 1.04315 
0.784891 1.21511 
0.76121 1.23879 
0.790398 1.2096 
0.779874 1.22013 
0.821647 1.17835 
0.945591 1.05441 
0.860325 1.13968 
0.716083 1.28392 
0.684131 1.31587 
0.66266 1.33734 
0.675421 1.32458 
0.749664 1.25034 
0.849161 1.15084 
0.916731 1.08327 
0.819096 1.1809 
0.75658 1.24342 
0.708923 1.29108 
0.726725 1.27327 
0.807157 1.19284 
0.869712 1.13029 
0.992192 1.00781 
0.903393 1.09661 
0.870886 1.12911 
0.886173 1.11383 
0.912579 1.08742 
0.916674 1.08333 
0.981121 1.01888 
1.00326 0.996736 
0.886884 1.11312 
0.859432 1.14057 
0.849545 1.15045 
0.856776 1.14322 
0.935468 1.06453 
0.988738 1.01126 
1.04025 0.959748 
1.04822 0.95178 
0.993784 1.00622 
0.978042 1.02196 
0.985791 1.01421 
1.05727 0.942732 
1.08037 0.919635 
1.02535 0.974651 
0.85941 1.14059 
0.89457 1.10543 
0.872524 1.12748 
0.957973 1.04203 
1.12759 0.872406 
1.16687 0.83313 
0.817972 1.18203 
0.742393 1.25761 
0.775711 1.22429 
0.720193 1.27981 
0.763071 1.23693 
1.03281 0.967191 
1.26929 0.730705 
0.76957 1.23043 
0.737586 1.26241 
0.724248 1.27575 
0.690571 1.30943 
0.734627 1.26537 
0.97474 1.02526 
1.19535 0.804655 
0.825871 1.17413 
0.762557 1.23744 
0.736012 1.26399 
0.758502 1.2415 
0.869458 1.13054 
0.988429 1.01157 
1.20412 0.795876 
0.864249 1.13575 
0.805701 1.1943 
0.807871 1.19213 
0.822825 1.17717 
0.930507 1.06949 
1.07149 0.928507 
1.17314 0.826858 
0.987635 1.01236 
0.965752 1.03425 
0.8937 1.1063 
0.915506 1.08449 
0.954912 1.04509 
1.17217 0.827828 
1.13061 0.869395 
1.12787 0.872131 
1.10339 0.896607 
1.04953 0.950466 
1.08002 0.919984 
1.1158 0.884197 
1.1443 0.855702 
1.1323 0.867702 
1.12448 0.875523 
0.983897 1.0161 
1.0066 0.993397 
1.01461 0.985387 
0.993144 1.00686 
0.9931 1.0069 
1.05309 0.946912 
1.10706 0.892945 
0.986807 1.01319 
0.867713 1.13229 
0.855387 1.14461 
0.801894 1.19811 
0.934774 1.06523 
1.02505 0.97495 
1.14308 0.856915 
1.16765 0.832352 
1.10782 0.892183 
1.10923 0.890769 
1.15124 0.848759 
1.14983 0.85017 
1.09326 0.906743 
1.19776 0.802242 
0.962347 1.03765 
0.883111 1.11689 
0.870415 1.12959 
0.907502 1.0925 
0.98671 1.01329 
1.03453 0.965474 
1.11465 0.88535 
0.905761 1.09424 
0.910603 1.0894 
0.951586 1.04841 
0.830823 1.16918 
1.05046 0.949539 
0.987558 1.01244 
1.15395 0.846045 
1.20063 0.799367 
1.24589 0.754106 
1.24559 0.754409 
1.22339 0.776612 
1.20066 0.79934 
1.16675 0.833245 
1.15657 0.843428 
1.08591 0.914092 
1.03545 0.964554 
1.04018 0.959824 
1.04811 0.951887 
1.05662 0.943383 
1.02807 0.971926 
1.2339 0.766102 
1.16892 0.831082 
1.17947 0.820532 
1.17533 0.82467 
1.17159 0.828413 
1.15072 0.849275 
1.13926 0.860742 
1.13773 0.862269 
1.13622 0.863785 
1.10764 0.89236 
1.08773 0.912274 
1.15641 0.843589 
1.16425 0.835753 
1.12186 0.878135 
0.998696 1.0013 
0.931029 1.06897 
0.909301 1.0907 
0.902386 1.09761 
0.904368 1.09563 
0.896498 1.1035 
0.95854 1.04146 
1.2374 0.762598 
1.18928 0.810718 
1.13831 0.861693 
1.08221 0.917792 
1.11068 0.889321 
1.23486 0.76514 
1.22278 0.777225 
1.10932 0.890678 
1.10917 0.890829 
1.02889 0.971109 
1.03459 0.965411 
1.04294 0.957063 
1.11484 0.885163 
1.14021 0.859789 
1.12657 0.87343 
1.05851 0.941485 
1.02336 0.976641 
1.03514 0.964859 
0.996027 1.00397 
1.07205 0.927948 
1.12363 0.876371 
1.09437 0.905635 
1.03833 0.96167 
1.029 0.971002 
1.01116 0.988841 
1.03434 0.96566 
1.09371 0.906291 
1.12176 0.878236 
1.15545 0.844553 
1.09287 0.907134 
1.08902 0.910978 
1.06182 0.938182 
1.07474 0.925264 
1.12923 0.870767 
1.17533 0.824671 
1.10337 0.896633 
1.02466 0.975344 
1.02013 0.97987 
1.03687 0.963133 
1.066 0.934004 
1.16662 0.833383 
1.16684 0.833162 
1.10946 0.890544 
1.04339 0.956612 
1.05167 0.948334 
1.03347 0.966534 
1.1002 0.899801 
1.21308 0.78692 
1.165 0.835002 
0.790076 1.20992 
0.605744 1.39426 
0.73045 1.26955 
0.769877 1.23012 
1.0717 0.928296 
1.46412 0.535875 
1.58254 0.417464 
0.665097 1.3349 
0.534367 1.46563 
0.507597 1.4924 
0.605564 1.39444 
0.683164 1.31684 
0.914395 1.08561 
1.4959 0.504097 
0.722814 1.27719 
0.506422 1.49358 
0.402728 1.59727 
0.483801 1.5162 
0.583171 1.41683 
0.80968 1.19032 
1.33527 0.664728 
0.884386 1.11561 
0.804087 1.19591 
0.531145 1.46885 
0.585494 1.41451 
0.643378 1.35662 
0.891274 1.10873 
1.27692 0.723081 
1.03202 0.967977 
0.855709 1.14429 
0.72435 1.27565 
0.746091 1.25391 
0.82679 1.17321 
1.1215 0.878496 
1.12389 0.876112 
1.18013 0.819874 
1.02511 0.97489 
0.841766 1.15823 
0.881588 1.11841 
0.87461 1.12539 
1.24245 0.757553 
1.16223 0.837771 
0.921007 1.07899 
0.939376 1.06062 
0.856041 1.14396 
0.87734 1.12266 
0.944346 1.05565 
1.23825 0.761747 
1.42944 0.570559 
0.979123 1.02088 
0.900737 1.09926 
0.812313 1.18769 
0.849857 1.15014 
0.854772 1.14523 
0.949453 1.05055 
1.12273 0.877269 
1.01061 0.989387 
0.942956 1.05704 
0.895443 1.10456 
0.874926 1.12507 
0.921889 1.07811 
0.988777 1.01122 
1.03897 0.96103 
1.09352 0.90648 
1.02289 0.977111 
0.9758 1.0242 
0.977996 1.022 
0.993009 1.00699 
1.05427 0.945729 
1.08422 0.915777 
1.07119 0.928812 
1.04354 0.956458 
0.98709 1.01291 
1.01841 0.981586 
1.06551 0.934486 
1.1335 0.866499 
1.0949 0.905095 
1.15649 0.843512 
1.15622 0.843781 
1.07981 0.920194 
1.06239 0.937608 
1.10114 0.898859 
1.19561 0.804391 
1.13283 0.867173 
0.938378 1.06162 
0.782049 1.21795 
0.899997 1.1 
1.02746 0.972536 
1.27533 0.724674 
1.59538 0.404619 
1.32889 0.671111 
0.863112 1.13689 
0.717604 1.2824 
0.77268 1.22732 
0.829427 1.17057 
1.00972 0.990285 
1.6446 0.355399 
1.683 0.316998 
0.88735 1.11265 
0.72935 1.27065 
0.750906 1.24909 
0.791732 1.20827 
0.929995 1.07 
1.45244 0.547563 
1.71629 0.283714 
0.942248 1.05775 
0.817194 1.18281 
0.812442 1.18756 
0.860802 1.1392 
0.960879 1.03912 
1.33212 0.667876 
1.60492 0.395084 
1.0896 0.910401 
0.890201 1.1098 
0.905358 1.09464 
0.961754 1.03825 
1.02276 0.977239 
1.33962 0.660382 
1.48288 0.517119 
1.18882 0.811184 
1.01733 0.982672 
0.981462 1.01854 
1.01579 0.984214 
1.09495 0.905053 
1.44577 0.554226 
1.3662 0.633803 
