2.03632 -0.0363199 
1.11497 0.885032 
0.839498 1.1605 
0.898234 1.10177 
1.08811 0.911886 
1.1437 0.856298 
1.22233 0.777675 
0.703581 1.29642 
0.372991 1.62701 
0.139639 1.86036 
0.355115 1.64488 
0.0749503 1.92505 
0.470686 1.52931 
0.856885 1.14311 
0.834112 1.16589 
0.0476423 1.95236 
-0.120435 2.12044 
-0.201096 2.2011 
-0.214107 2.21411 
0.256675 1.74333 
0.432491 1.56751 
0.888672 1.11133 
0.364379 1.63562 
0.348942 1.65106 
0.166242 1.83376 
0.180638 1.81936 
0.539814 1.46019 
0.738499 1.2615 
1.0369 0.963096 
0.552384 1.44762 
-0.049846 2.04985 
0.0787547 1.92125 
0.405963 1.59404 
0.562614 1.43739 
0.945914 1.05409 
1.11807 0.881927 
0.801313 1.19869 
0.470921 1.52908 
0.534709 1.46529 
0.558009 1.44199 
0.885541 1.11446 
0.799463 1.20054 
0.988417 1.01158 
0.663025 1.33697 
0.633383 1.36662 
0.695665 1.30433 
0.671645 1.32835 
0.723195 1.2768 
0.889089 1.11091 
0.843251 1.15675 
0.598322 1.40168 
0.575686 1.42431 
0.523765 1.47623 
0.53261 1.46739 
0.63102 1.36898 
0.808491 1.19151 
0.923027 1.07697 
0.752816 1.24718 
0.680188 1.31981 
0.595192 1.40481 
0.612742 1.38726 
0.779321 1.22068 
0.826694 1.17331 
1.06726 0.932744 
0.906311 1.09369 
0.858548 1.14145 
0.90146 1.09854 
0.96241 1.03759 
0.934189 1.06581 
1.01319 0.986814 
1.05527 0.944729 
0.844854 1.15515 
0.807157 1.19284 
0.781397 1.2186 
0.791937 1.20806 
0.922722 1.07728 
1.01609 0.983907 
1.11729 0.88271 
1.12646 0.873536 
0.96998 1.03002 
0.933611 1.06639 
0.951068 1.04893 
1.09839 0.90161 
1.16682 0.833176 
1.19024 0.809763 
0.806745 1.19326 
0.869435 1.13057 
0.82269 1.17731 
1.00343 0.996569 
1.24596 0.754042 
1.32028 0.679716 
0.76831 1.23169 
0.639598 1.3604 
0.666107 1.33389 
0.558761 1.44124 
0.603945 1.39606 
1.07748 0.922524 
1.45166 0.548335 
0.698607 1.30139 
0.680462 1.31954 
0.622979 1.37702 
0.520826 1.47917 
0.60503 1.39497 
1.0313 0.968702 
1.32983 0.670169 
0.790083 1.20992 
0.738426 1.26157 
0.649512 1.35049 
0.691362 1.30864 
0.902728 1.09727 
1.04571 0.954294 
1.37037 0.629633 
0.882412 1.11759 
0.776938 1.22306 
0.787645 1.21236 
0.803526 1.19647 
0.987975 1.01202 
1.1943 0.805704 
1.3176 0.682404 
1.06425 0.935751 
1.04987 0.950135 
0.890623 1.10938 
0.930559 1.06944 
0.966075 1.03392 
1.41108 0.588917 
1.2715 0.728503 
1.34128 0.658723 
1.35495 0.645053 
1.23111 0.768893 
1.29406 0.705943 
1.37105 0.628949 
1.39807 0.601931 
1.29086 0.709138 
1.36149 0.638515 
1.14885 0.851151 
1.19161 0.808393 
1.18983 0.810167 
1.14974 0.850262 
1.1201 0.879899 
1.21241 0.787587 
1.38705 0.61295 
1.17176 0.828243 
0.982588 1.01741 
0.964418 1.03558 
0.831707 1.16829 
1.10164 0.898365 
1.18022 0.819782 
1.38058 0.619425 
1.48446 0.51554 
1.44317 0.556825 
1.46697 0.533025 
1.59429 0.405712 
1.56329 0.436705 
1.2833 0.7167 
1.52667 0.47333 
1.14818 0.851825 
1.03782 0.962178 
0.996894 1.00311 
1.05438 0.945623 
1.11179 0.888215 
1.0666 0.933399 
1.36036 0.639643 
0.914397 1.0856 
0.951286 1.04871 
1.04226 0.957744 
0.801195 1.19881 
1.1848 0.815196 
1.01322 0.986785 
1.38541 0.614594 
1.52539 0.474611 
1.61716 0.382841 
1.63567 0.364331 
1.59473 0.40527 
1.50389 0.496113 
1.36233 0.637667 
1.43281 0.567194 
1.31559 0.684405 
1.2401 0.759897 
1.26054 0.73946 
1.26505 0.734946 
1.24663 0.753368 
1.13902 0.860982 
1.56905 0.430954 
1.45407 0.545933 
1.51809 0.481913 
1.52257 0.477435 
1.50985 0.490151 
1.44244 0.557556 
1.33942 0.660584 
1.35101 0.648989 
1.40321 0.596793 
1.37744 0.622561 
1.31205 0.687954 
1.46833 0.531672 
1.44134 0.558656 
1.29492 0.705079 
1.10398 0.89602 
0.980677 1.01932 
0.939177 1.06082 
0.914781 1.08522 
0.95126 1.04874 
0.860845 1.13916 
0.969792 1.03021 
1.57936 0.420636 
1.43087 0.569134 
1.29344 0.70656 
1.18424 0.815761 
1.23692 0.763082 
1.51906 0.480942 
1.52584 0.474161 
1.2969 0.703103 
1.31816 0.681844 
1.11826 0.881737 
1.13007 0.869932 
1.14725 0.852746 
1.25653 0.743471 
1.27751 0.722493 
1.34661 0.653394 
1.23018 0.769822 
1.12694 0.873055 
1.15829 0.841707 
1.04737 0.952634 
1.20082 0.799175 
1.24593 0.754068 
1.27539 0.724611 
1.18698 0.813023 
1.16935 0.830645 
1.11936 0.88064 
1.15602 0.843981 
1.25457 0.745431 
1.26312 0.736875 
1.39353 0.606466 
1.32151 0.678486 
1.29467 0.705334 
1.23351 0.766488 
1.25394 0.746056 
1.28645 0.713554 
1.37855 0.62145 
1.28356 0.716439 
1.15986 0.840138 
1.13353 0.866475 
1.17284 0.827165 
1.19785 0.802148 
1.34924 0.650757 
1.3801 0.619897 
1.25499 0.745013 
1.13489 0.86511 
1.1727 0.827297 
1.13854 0.861456 
1.24006 0.759938 
1.46534 0.53466 
1.38641 0.613588 
0.795134 1.20487 
0.426755 1.57324 
0.659302 1.3407 
0.648726 1.35127 
1.2522 0.7478 
1.91607 0.0839258 
2.01494 -0.0149388 
0.586521 1.41348 
0.329515 1.67049 
0.300232 1.69977 
0.438865 1.56114 
0.564666 1.43533 
0.89443 1.10557 
1.74822 0.251778 
0.690563 1.30944 
0.338281 1.66172 
0.216987 1.78301 
0.325077 1.67492 
0.49257 1.50743 
0.831648 1.16835 
1.54159 0.458408 
0.964507 1.03549 
0.875528 1.12447 
0.430441 1.56956 
0.526893 1.47311 
0.631561 1.36844 
1.00587 0.994133 
1.48964 0.510363 
1.25526 0.744743 
0.999606 1.00039 
0.746079 1.25392 
0.788851 1.21115 
0.933417 1.06658 
1.36004 0.639962 
1.09889 0.901113 
1.51236 0.487642 
1.27571 0.724286 
0.81209 1.18791 
0.937582 1.06242 
0.847103 1.1529 
1.50418 0.495822 
1.28215 0.717854 
0.939853 1.06015 
1.02537 0.974634 
0.856365 1.14363 
0.866295 1.1337 
0.983058 1.01694 
1.46497 0.53503 
1.74626 0.253736 
1.06852 0.931475 
0.96477 1.03523 
0.797475 1.20253 
0.867147 1.13285 
0.837957 1.16204 
0.981235 1.01876 
1.24692 0.753079 
1.11026 0.889743 
1.00221 0.99779 
0.942717 1.05728 
0.907687 1.09231 
0.975317 1.02468 
1.0784 0.921599 
1.11789 0.882113 
1.26454 0.735462 
1.12771 0.872286 
1.03816 0.961842 
1.06026 0.939743 
1.07088 0.929115 
1.13611 0.863892 
1.19654 0.803459 
1.17551 0.824486 
1.14678 0.853224 
1.03193 0.968072 
1.10296 0.89704 
1.17867 0.821329 
1.27381 0.726191 
1.20977 0.790226 
1.35978 0.640221 
1.3648 0.6352 
1.20268 0.797316 
1.15284 0.847162 
1.20264 0.797364 
1.41444 0.585562 
1.30969 0.690312 
1.06876 0.931237 
0.721264 1.27874 
0.909413 1.09059 
1.14656 0.853438 
1.60077 0.399228 
2.0796 -0.0796036 
1.75573 0.244265 
0.943822 1.05618 
0.672767 1.32723 
0.721452 1.27855 
0.796889 1.20311 
1.1546 0.845403 
2.10074 -0.100742 
2.30827 -0.308268 
1.02442 0.975584 
0.759168 1.24083 
0.757499 1.2425 
0.781624 1.21838 
1.05914 0.940858 
1.79883 0.201174 
2.30731 -0.307309 
1.09285 0.907152 
0.919273 1.08073 
0.896417 1.10358 
0.915543 1.08446 
1.10186 0.898144 
1.54175 0.458251 
2.13179 -0.13179 
1.40315 0.596847 
0.972372 1.02763 
1.00176 0.998239 
1.09786 0.902141 
1.14646 0.853541 
1.56457 0.435432 
1.95509 0.0449112 
1.52833 0.471669 
1.17516 0.824843 
1.0847 0.9153 
1.12127 0.878731 
1.23131 0.768689 
1.8499 0.1501 
1.74333 0.256675 
