1.40251 0.597494 
1.36932 0.630677 
1.41569 0.584311 
1.44192 0.558077 
1.44958 0.550424 
1.39901 0.600993 
1.20583 0.794167 
1.32638 0.673625 
1.29535 0.704647 
1.22948 0.770524 
1.32908 0.670925 
1.16365 0.836354 
1.11128 0.88872 
1.14472 0.855276 
1.33478 0.66522 
1.06356 0.936442 
1.07168 0.928319 
0.953931 1.04607 
0.879607 1.12039 
1.1182 0.881799 
1.21126 0.788739 
1.17642 0.823578 
1.32101 0.678993 
1.43323 0.566772 
1.37817 0.621826 
1.49522 0.504785 
1.36897 0.631026 
1.36647 0.633532 
1.17791 0.822086 
0.933134 1.06687 
0.860184 1.13982 
0.809683 1.19032 
0.937411 1.06259 
0.904076 1.09592 
1.03483 0.965166 
1.1784 0.821605 
0.971864 1.02814 
0.977504 1.0225 
1.00028 0.999721 
0.893136 1.10686 
1.04055 0.959448 
1.20065 0.799355 
1.19975 0.800251 
1.27367 0.726325 
1.06973 0.930273 
1.09078 0.909217 
1.05881 0.941189 
1.21195 0.788047 
1.12782 0.872177 
1.23063 0.769371 
1.1625 0.837498 
1.02559 0.974414 
1.0101 0.989902 
0.907909 1.09209 
1.09381 0.906188 
1.16533 0.834673 
1.26106 0.738937 
1.14244 0.857561 
1.11786 0.882142 
1.02808 0.971924 
1.0859 0.914101 
1.18394 0.816059 
1.20855 0.791451 
1.36461 0.635394 
1.21696 0.78304 
1.20384 0.796159 
1.05856 0.941441 
1.26367 0.736326 
1.2113 0.788698 
1.28189 0.718109 
1.24467 0.755329 
1.12879 0.871212 
1.17294 0.827064 
1.10052 0.899479 
1.18673 0.813267 
1.21334 0.78666 
1.32616 0.673843 
1.25606 0.743937 
1.07369 0.926311 
1.19364 0.80636 
1.17254 0.827458 
1.14164 0.858363 
1.40717 0.592828 
1.35873 0.641265 
1.57592 0.424085 
1.19745 0.802548 
1.19799 0.802013 
1.33043 0.669569 
1.3673 0.632705 
1.19616 0.803839 
1.19909 0.800912 
1.26309 0.736907 
1.32612 0.673885 
1.3639 0.636101 
1.3848 0.615202 
1.33134 0.668658 
1.22737 0.772632 
1.22815 0.771849 
1.22721 0.772788 
1.10793 0.89207 
0.938964 1.06104 
0.796953 1.20305 
0.693053 1.30695 
0.958941 1.04106 
0.99371 1.00629 
0.955671 1.04433 
1.17503 0.824966 
1.33148 0.668522 
1.20764 0.792358 
1.51497 0.485029 
1.35098 0.649016 
1.28263 0.717369 
1.52492 0.475085 
1.21444 0.785562 
1.10135 0.898648 
1.13291 0.867092 
1.08568 0.914319 
1.10538 0.894622 
1.27148 0.728523 
0.95154 1.04846 
0.807077 1.19292 
0.893605 1.10639 
0.87324 1.12676 
0.819533 1.18047 
0.770915 1.22909 
0.905402 1.0946 
1.27085 0.729147 
1.23578 0.764223 
1.10876 0.891244 
1.1273 0.872698 
1.16628 0.833724 
1.3066 0.693401 
1.08399 0.916009 
1.1537 0.846298 
0.991083 1.00892 
1.0285 0.971496 
1.03795 0.962045 
1.04183 0.958167 
1.16469 0.835305 
1.12216 0.877842 
1.32441 0.675594 
1.01833 0.981668 
1.0718 0.928198 
1.16654 0.833459 
1.10438 0.89562 
1.21464 0.785357 
1.18879 0.811211 
1.4122 0.587798 
1.13156 0.868442 
1.16999 0.830015 
1.10138 0.898617 
1.28268 0.717316 
1.27152 0.728484 
1.24493 0.755066 
1.40607 0.593926 
1.22416 0.775839 
1.0873 0.912702 
1.06219 0.937807 
1.23786 0.762144 
1.2605 0.739503 
1.15876 0.841242 
1.37106 0.628938 
1.23856 0.761437 
1.05046 0.949539 
1.20759 0.792411 
1.14423 0.855767 
1.18332 0.816677 
1.10205 0.897952 
0.941386 1.05861 
1.01669 0.983314 
0.938577 1.06142 
0.93772 1.06228 
1.06442 0.935578 
1.40075 0.59925 
1.50382 0.496184 
1.06897 0.931029 
0.963036 1.03696 
0.773021 1.22698 
0.73807 1.26193 
0.801594 1.19841 
0.894727 1.10527 
1.2803 0.7197 
1.08442 0.915576 
0.940397 1.0596 
0.955505 1.0445 
0.831208 1.16879 
0.865362 1.13464 
1.06363 0.936372 
1.11034 0.889658 
1.16641 0.833586 
0.995825 1.00418 
0.976599 1.0234 
0.968187 1.03181 
0.922215 1.07779 
0.962186 1.03781 
1.14996 0.850036 
1.15162 0.848379 
1.02974 0.970262 
0.960877 1.03912 
0.984647 1.01535 
1.07117 0.928831 
1.18814 0.811865 
1.21906 0.780937 
1.32635 0.673655 
1.26457 0.735434 
1.08574 0.914256 
0.976543 1.02346 
1.05953 0.940472 
1.30689 0.693112 
1.40343 0.596566 
0.898819 1.10118 
0.446936 1.55306 
0.809159 1.19084 
0.72541 1.27459 
1.179 0.820996 
1.67116 0.328837 
1.67155 0.328455 
0.775295 1.2247 
0.288602 1.7114 
0.377259 1.62274 
0.529728 1.47027 
0.622303 1.3777 
1.24847 0.751533 
1.6457 0.354302 
0.985848 1.01415 
0.52473 1.47527 
0.330063 1.66994 
0.471771 1.52823 
0.663401 1.3366 
1.14415 0.85585 
1.46104 0.538958 
1.16192 0.838077 
1.02691 0.973091 
0.595233 1.40477 
0.716959 1.28304 
0.785594 1.21441 
1.07174 0.928259 
1.35772 0.642276 
1.33027 0.669725 
1.00631 0.99369 
0.915379 1.08462 
0.937778 1.06222 
0.880328 1.11967 
1.30609 0.693907 
1.24363 0.756367 
1.40946 0.590537 
1.19623 0.803767 
1.07016 0.929841 
0.983404 1.0166 
0.829894 1.17011 
1.67926 0.320742 
1.50741 0.492595 
1.20287 0.797131 
1.09788 0.90212 
0.992116 1.00788 
1.07397 0.926033 
1.39287 0.607129 
1.69825 0.301745 
1.44059 0.559411 
0.873302 1.1267 
0.948517 1.05148 
0.895952 1.10405 
0.956539 1.04346 
1.07564 0.924357 
1.37263 0.627373 
1.39677 0.603229 
0.904293 1.09571 
0.824874 1.17513 
0.785999 1.214 
0.80718 1.19282 
0.850388 1.14961 
1.06118 0.938821 
1.2703 0.729698 
0.967734 1.03227 
0.910487 1.08951 
0.938684 1.06132 
0.865384 1.13462 
0.848086 1.15191 
1.04937 0.950629 
1.27746 0.722542 
1.12403 0.875971 
0.871647 1.12835 
0.780963 1.21904 
0.814944 1.18506 
0.910543 1.08946 
1.00512 0.994877 
1.17383 0.826171 
1.22116 0.778844 
0.992648 1.00735 
0.854923 1.14508 
0.961636 1.03836 
0.954377 1.04562 
1.01012 0.989875 
1.19972 0.800276 
0.478412 1.52159 
0.752621 1.24738 
0.635304 1.36469 
0.537735 1.46226 
0.812404 1.1876 
1.14815 0.851853 
1.44928 0.550725 
0.393845 1.60615 
0.490638 1.50936 
0.250711 1.74929 
0.489838 1.51016 
0.506121 1.49388 
0.76262 1.23738 
1.01829 0.981712 
0.89151 1.10849 
0.663957 1.33604 
0.328168 1.67183 
0.562178 1.43782 
0.523465 1.47653 
0.667164 1.33284 
0.908419 1.09158 
1.27152 0.728482 
1.05585 0.944149 
0.642318 1.35768 
0.669063 1.33094 
0.582841 1.41716 
0.687633 1.31237 
0.733764 1.26624 
1.2223 0.777697 
1.19516 0.804835 
0.934407 1.06559 
0.83641 1.16359 
0.765306 1.23469 
1.01039 0.989608 
0.842204 1.1578 
1.20561 0.794393 
1.27007 0.72993 
1.10274 0.897255 
0.824354 1.17565 
0.859242 1.14076 
1.38257 0.617426 
1.20869 0.791306 
0.992389 1.00761 
0.334547 1.66545 
0.386384 1.61362 
0.625222 1.37478 
0.651535 1.34846 
0.808842 1.19116 
0.866335 1.13367 
0.673125 1.32688 
0.548143 1.45186 
0.566865 1.43314 
0.607613 1.39239 
0.389953 1.61005 
0.545634 1.45437 
0.9214 1.0786 
0.779349 1.22065 
0.687255 1.31274 
0.656324 1.34368 
0.523589 1.47641 
0.439873 1.56013 
0.453193 1.54681 
0.408655 1.59134 
0.813893 1.18611 
0.734715 1.26529 
0.89041 1.10959 
0.819261 1.18074 
0.875723 1.12428 
0.657093 1.34291 
0.809943 1.19006 
1.29035 0.709651 
1.02532 0.974685 
0.881382 1.11862 
0.916602 1.0834 
0.913074 1.08693 
1.02201 0.977994 
1.01076 0.989238 
1.11344 0.886557 
1.02881 0.971194 
1.03942 0.960584 
0.941525 1.05847 
0.843713 1.15629 
0.947055 1.05295 
1.11717 0.882826 
1.67941 0.320588 
1.29 0.710001 
1.06445 0.935553 
1.07314 0.926856 
1.45455 0.545447 
1.53788 0.462124 
1.44769 0.552306 
1.01549 0.984511 
0.940823 1.05918 
0.841653 1.15835 
0.85562 1.14438 
0.9069 1.0931 
1.17837 0.821626 
1.46086 0.539139 
0.968752 1.03125 
0.921501 1.0785 
0.872949 1.12705 
0.790576 1.20943 
0.906546 1.09345 
0.991254 1.00875 
1.22309 0.776906 
1.03719 0.962814 
0.908167 1.09183 
0.960412 1.03959 
0.833377 1.16662 
0.927776 1.07222 
1.06634 0.933658 
1.24074 0.75926 
1.2314 0.768598 
0.994 1.006 
0.991775 1.00823 
0.927186 1.07281 
1.06003 0.939972 
1.10375 0.896252 
1.26399 0.736008 
1.21612 0.783878 
1.257 0.742998 
1.07255 0.927447 
1.00565 0.99435 
1.08386 0.916136 
1.28999 0.710007 
1.27129 0.728709 
1.69267 0.307333 
1.70447 0.295534 
1.41902 0.580976 
1.39426 0.605744 
1.62885 0.371153 
1.59026 0.409741 
1.47143 0.528572 
1.16199 0.838006 
0.788755 1.21125 
0.704829 1.29517 
0.81425 1.18575 
0.756935 1.24307 
0.862596 1.1374 
1.11325 0.886746 
0.895441 1.10456 
0.725641 1.27436 
0.921284 1.07872 
0.809613 1.19039 
0.782493 1.21751 
0.614891 1.38511 
0.58809 1.41191 
0.638289 1.36171 
0.611877 1.38812 
0.654634 1.34537 
0.456439 1.54356 
0.421594 1.57841 
0.603911 1.39609 
0.747679 1.25232 
0.991908 1.00809 
0.719965 1.28004 
0.698656 1.30134 
0.648642 1.35136 
0.786436 1.21356 
0.62582 1.37418 
0.750463 1.24954 
1.15634 0.843664 
0.77937 1.22063 
0.781112 1.21889 
0.811044 1.18896 
0.614345 1.38565 
0.822069 1.17793 
1.03697 0.963026 
1.66392 0.336075 
1.6249 0.375098 
1.23974 0.760264 
1.03684 0.963161 
1.19741 0.802589 
1.55049 0.44951 
1.53509 0.464914 
1.45364 0.546362 
1.02265 0.97735 
0.965729 1.03427 
0.795467 1.20453 
0.962361 1.03764 
0.934404 1.0656 
1.12717 0.872832 
1.20294 0.797065 
0.947493 1.05251 
0.889616 1.11038 
0.881531 1.11847 
0.897998 1.102 
0.899885 1.10012 
0.985339 1.01466 
1.18294 0.817057 
0.996882 1.00312 
0.917609 1.08239 
0.973466 1.02653 
0.939576 1.06042 
0.983193 1.01681 
0.876607 1.12339 
1.35098 0.649022 
1.03836 0.961637 
0.99875 1.00125 
1.03463 0.965365 
1.01758 0.982417 
1.1021 0.8979 
0.914688 1.08531 
1.31684 0.683156 
1.16392 0.836078 
1.06118 0.938815 
1.03976 0.960241 
1.10509 0.894911 
1.2163 0.7837 
1.09216 0.907839 
1.78936 0.210639 
1.09288 0.907122 
0.874996 1.125 
0.864529 1.13547 
0.935123 1.06488 
0.926335 1.07367 
0.837017 1.16298 
1.12841 0.871592 
0.864872 1.13513 
0.902418 1.09758 
0.859296 1.1407 
0.80612 1.19388 
0.90901 1.09099 
1.03858 0.961419 
1.17361 0.82639 
1.02574 0.974264 
0.932059 1.06794 
0.854341 1.14566 
0.930746 1.06925 
0.998162 1.00184 
1.09324 0.906759 
1.17042 0.829579 
0.995529 1.00447 
0.922658 1.07734 
0.888381 1.11162 
1.03678 0.963218 
1.18188 0.818124 
1.22845 0.771554 
1.23504 0.764957 
1.07732 0.92268 
1.05258 0.94742 
1.09835 0.901646 
1.08674 0.913261 
1.12477 0.875228 
1.2173 0.782704 
1.29103 0.708968 
1.11368 0.88632 
0.9592 1.0408 
0.95497 1.04503 
1.094 0.905998 
1.25378 0.746222 
1.17685 0.823148 
1.49972 0.500283 
0.869787 1.13021 
0.568597 1.4314 
0.451306 1.54869 
0.698447 1.30155 
0.643855 1.35614 
0.714495 1.28551 
1.12547 0.874534 
0.510893 1.48911 
0.485661 1.51434 
0.296121 1.70388 
0.484536 1.51546 
0.53303 1.46697 
0.819725 1.18028 
1.02707 0.972932 
0.489945 1.51005 
0.470306 1.52969 
0.616499 1.3835 
0.333664 1.66634 
0.896393 1.10361 
0.969637 1.03036 
0.81674 1.18326 
0.711555 1.28845 
0.419955 1.58004 
0.64424 1.35576 
0.733353 1.26665 
1.16453 0.835471 
1.28888 0.711116 
0.617741 1.38226 
0.698977 1.30102 
0.437848 1.56215 
0.731462 1.26854 
0.937083 1.06292 
1.14705 0.852945 
1.36893 0.631066 
1.14308 0.856921 
0.857607 1.14239 
0.666426 1.33357 
0.880433 1.11957 
1.00567 0.994329 
1.35382 0.646176 
1.35351 0.646493 
1.75265 0.247347 
1.63478 0.365217 
1.13937 0.86063 
1.01424 0.985762 
1.06538 0.934621 
1.10181 0.898188 
1.12182 0.878182 
1.57683 0.423171 
1.04401 0.955987 
0.984476 1.01552 
0.886108 1.11389 
0.942411 1.05759 
0.960359 1.03964 
0.851148 1.14885 
1.26713 0.732868 
0.920553 1.07945 
0.853345 1.14665 
0.81881 1.18119 
0.825179 1.17482 
0.820552 1.17945 
0.867271 1.13273 
1.19557 0.804433 
1.09869 0.90131 
1.00783 0.992167 
0.898875 1.10113 
0.905766 1.09423 
1.01203 0.98797 
0.967102 1.0329 
1.23457 0.765426 
1.00499 0.995006 
0.850321 1.14968 
0.867893 1.13211 
0.903144 1.09686 
0.977926 1.02207 
1.10788 0.892117 
1.03345 0.966552 
0.801625 1.19837 
0.91691 1.08309 
0.971033 1.02897 
1.015 0.984998 
1.13856 0.861437 
1.20129 0.798708 
2.02902 -0.029025 
1.23506 0.764938 
0.822066 1.17793 
0.568017 1.43198 
0.722746 1.27725 
0.775664 1.22434 
0.827944 1.17206 
1.90858 0.0914219 
0.671038 1.32896 
0.604956 1.39504 
0.384248 1.61575 
0.545803 1.4542 
0.624173 1.37583 
0.936963 1.06304 
1.56316 0.436838 
0.618306 1.38169 
0.661682 1.33832 
0.552427 1.44757 
0.419928 1.58007 
0.86467 1.13533 
1.12504 0.874963 
1.4871 0.512902 
0.84133 1.15867 
0.529188 1.47081 
0.530005 1.47 
0.812209 1.18779 
1.11239 0.887607 
1.30997 0.690035 
1.39524 0.604756 
0.763848 1.23615 
0.569549 1.43045 
0.669051 1.33095 
0.830542 1.16946 
1.26 0.739997 
1.38196 0.618037 
1.54246 0.457536 
0.939285 1.06072 
0.806428 1.19357 
0.843422 1.15658 
0.842381 1.15762 
1.40224 0.597758 
1.58564 0.414362 
