1.00507 0.994926 
1.00248 0.997516 
1.0024 0.997597 
0.999697 1.0003 
0.998585 1.00141 
1.00301 0.996993 
1.004 0.996003 
0.992177 1.00782 
0.987588 1.01241 
0.982829 1.01717 
0.985845 1.01415 
0.983264 1.01674 
0.986242 1.01376 
0.992324 1.00768 
0.987067 1.01293 
0.973365 1.02664 
0.964623 1.03538 
0.959622 1.04038 
0.960932 1.03907 
0.972583 1.02742 
0.98534 1.01466 
0.982465 1.01753 
0.985462 1.01454 
0.983967 1.01603 
0.978814 1.02119 
0.981942 1.01806 
0.977471 1.02253 
0.985365 1.01464 
0.975734 1.02427 
0.958031 1.04197 
0.950597 1.0494 
0.95169 1.04831 
0.955985 1.04401 
0.962591 1.03741 
0.975952 1.02405 
0.970772 1.02923 
0.963123 1.03688 
0.96158 1.03842 
0.960803 1.0392 
0.95648 1.04352 
0.965739 1.03426 
0.980956 1.01904 
0.998932 1.00107 
1.00089 0.999112 
0.995204 1.0048 
0.995819 1.00418 
0.99412 1.00588 
1.00099 0.999011 
1.00317 0.99683 
0.999212 1.00079 
0.995152 1.00485 
0.988872 1.01113 
0.990668 1.00933 
0.987246 1.01275 
0.994149 1.00585 
1.00175 0.998253 
0.997523 1.00248 
0.990769 1.00923 
0.987826 1.01217 
0.98771 1.01229 
0.989196 1.0108 
0.994245 1.00575 
1.00166 0.998342 
1.00007 0.999932 
0.993663 1.00634 
0.990437 1.00956 
0.985933 1.01407 
0.992055 1.00794 
0.995694 1.00431 
1.00395 0.996049 
0.995878 1.00412 
0.990438 1.00956 
0.990037 1.00996 
0.988207 1.01179 
0.990256 1.00974 
0.997487 1.00251 
1.00436 0.995639 
0.999025 1.00098 
0.991537 1.00846 
0.993104 1.0069 
0.992759 1.00724 
0.993402 1.0066 
1.0046 0.995398 
1.00459 0.995412 
1.01043 0.989573 
0.99764 1.00236 
0.996274 1.00373 
0.994997 1.005 
0.995727 1.00427 
0.999411 1.00059 
1.00505 0.994954 
0.991586 1.00841 
0.989645 1.01035 
0.989881 1.01012 
0.990718 1.00928 
0.989403 1.0106 
0.990469 1.00953 
0.995616 1.00438 
0.982961 1.01704 
0.973561 1.02644 
0.962432 1.03757 
0.95826 1.04174 
0.959973 1.04003 
0.970964 1.02904 
0.980032 1.01997 
0.97782 1.02218 
0.979307 1.02069 
0.97853 1.02147 
0.973736 1.02626 
0.980057 1.01994 
0.974896 1.0251 
0.983083 1.01692 
0.984244 1.01576 
0.970586 1.02941 
0.962097 1.0379 
0.964025 1.03597 
0.960137 1.03986 
0.967478 1.03252 
0.984868 1.01513 
0.966334 1.03367 
0.956387 1.04361 
0.954302 1.0457 
0.951115 1.04888 
0.950924 1.04908 
0.953518 1.04648 
0.969682 1.03032 
1.00437 0.995629 
0.999591 1.00041 
0.997356 1.00264 
0.997612 1.00239 
0.997051 1.00295 
0.998797 1.0012 
0.998625 1.00137 
0.999585 1.00041 
0.990097 1.0099 
0.990849 1.00915 
0.991097 1.0089 
0.98944 1.01056 
0.995106 1.00489 
0.999828 1.00017 
1.00256 0.997443 
0.991124 1.00888 
0.989143 1.01086 
0.990008 1.00999 
0.988385 1.01161 
0.993616 1.00638 
0.998641 1.00136 
1.0038 0.996201 
0.992618 1.00738 
0.991531 1.00847 
0.990003 1.01 
0.992534 1.00747 
0.99271 1.00729 
0.999669 1.00033 
1.00416 0.99584 
0.995346 1.00465 
0.988914 1.01109 
0.988927 1.01107 
0.990385 1.00962 
0.995459 1.00454 
0.999677 1.00032 
1.00352 0.996482 
0.997997 1.002 
0.989079 1.01092 
0.993489 1.00651 
0.99208 1.00792 
0.997089 1.00291 
0.999671 1.00033 
0.982015 1.01798 
0.981177 1.01882 
0.97688 1.02312 
0.979356 1.02064 
0.987325 1.01267 
1.00574 0.994259 
1.01645 0.983548 
0.983319 1.01668 
0.975524 1.02448 
0.966885 1.03311 
0.965693 1.03431 
0.969824 1.03018 
0.980135 1.01987 
1.00087 0.999126 
0.986238 1.01376 
0.975703 1.0243 
0.971826 1.02817 
0.967216 1.03278 
0.970949 1.02905 
0.98131 1.01869 
0.989734 1.01027 
0.992594 1.00741 
0.986566 1.01343 
0.979947 1.02005 
0.976665 1.02333 
0.978525 1.02147 
0.984821 1.01518 
0.994471 1.00553 
0.996651 1.00335 
0.989257 1.01074 
0.985532 1.01447 
0.986144 1.01386 
0.988824 1.01118 
0.997181 1.00282 
1.00037 0.999634 
1.00327 0.996735 
1.00036 0.999645 
0.996286 1.00371 
0.99466 1.00534 
0.995954 1.00405 
1.0041 0.995895 
1.0074 0.992605 
0.95225 1.04775 
0.935708 1.06429 
0.952539 1.04746 
0.960377 1.03962 
0.97953 1.02047 
0.992144 1.00786 
1.02462 0.975376 
0.937789 1.06221 
0.920265 1.07974 
0.92014 1.07986 
0.937346 1.06265 
0.943268 1.05673 
0.970627 1.02937 
1.0301 0.969899 
0.944938 1.05506 
0.923289 1.07671 
0.902896 1.0971 
0.918998 1.081 
0.931727 1.06827 
0.964731 1.03527 
1.01695 0.983052 
0.961679 1.03832 
0.945765 1.05423 
0.914637 1.08536 
0.928984 1.07102 
0.934349 1.06565 
0.962869 1.03713 
1.00787 0.992129 
0.979382 1.02062 
0.961156 1.03884 
0.942653 1.05735 
0.952754 1.04725 
0.947772 1.05223 
0.983825 1.01617 
1.00109 0.998907 
0.989795 1.0102 
0.977648 1.02235 
0.96968 1.03032 
0.968225 1.03177 
0.964259 1.03574 
1.01019 0.989813 
1.00351 0.996486 
0.996128 1.00387 
0.992145 1.00785 
0.990615 1.00939 
0.997032 1.00297 
1.01101 0.988986 
1.02167 0.978327 
1.00963 0.990369 
0.981522 1.01848 
0.981714 1.01829 
0.98184 1.01816 
0.985349 1.01465 
0.989724 1.01028 
1.00344 0.99656 
1.00934 0.990656 
0.977395 1.0226 
0.972295 1.02771 
0.97192 1.02808 
0.972169 1.02783 
0.973653 1.02635 
0.983757 1.01624 
0.999024 1.00098 
0.980669 1.01933 
0.975241 1.02476 
0.968987 1.03101 
0.968351 1.03165 
0.972479 1.02752 
0.982954 1.01705 
0.997612 1.00239 
0.987067 1.01293 
0.975379 1.02462 
0.967666 1.03233 
0.969036 1.03096 
0.975782 1.02422 
0.983912 1.01609 
0.995511 1.00449 
0.996379 1.00362 
0.985451 1.01455 
0.979493 1.02051 
0.98324 1.01676 
0.983382 1.01662 
0.989871 1.01013 
0.999162 1.00084 
0.937827 1.06217 
0.942686 1.05731 
0.942364 1.05764 
0.951689 1.04831 
0.963074 1.03693 
0.969103 1.0309 
1.0211 0.978897 
0.926978 1.07302 
0.925381 1.07462 
0.915403 1.0846 
0.928364 1.07164 
0.937131 1.06287 
0.943384 1.05662 
1.0045 0.995499 
0.946388 1.05361 
0.928551 1.07145 
0.905249 1.09475 
0.912595 1.0874 
0.925546 1.07445 
0.941227 1.05877 
0.988087 1.01191 
0.967319 1.03268 
0.950213 1.04979 
0.92059 1.07941 
0.918534 1.08147 
0.924917 1.07508 
0.946548 1.05345 
0.98223 1.01777 
0.979321 1.02068 
0.972146 1.02785 
0.948095 1.05191 
0.942219 1.05778 
0.94195 1.05805 
0.966246 1.03375 
0.988819 1.01118 
0.987865 1.01213 
0.982144 1.01786 
0.970683 1.02932 
0.964214 1.03579 
0.966945 1.03306 
0.992777 1.00722 
0.999491 1.00051 
0.993117 1.00688 
0.961885 1.03812 
0.954529 1.04547 
0.962969 1.03703 
0.962745 1.03725 
0.974381 1.02562 
0.985577 1.01442 
0.948188 1.05181 
0.93428 1.06572 
0.926272 1.07373 
0.925802 1.0742 
0.924303 1.0757 
0.932707 1.06729 
0.96024 1.03976 
0.9327 1.0673 
0.920906 1.07909 
0.908848 1.09115 
0.904415 1.09559 
0.903336 1.09666 
0.912684 1.08732 
0.926961 1.07304 
0.952075 1.04793 
0.941575 1.05842 
0.941724 1.05828 
0.936026 1.06397 
0.938708 1.06129 
0.93529 1.06471 
0.955029 1.04497 
0.969545 1.03045 
0.95842 1.04158 
0.953102 1.0469 
0.955128 1.04487 
0.955421 1.04458 
0.966701 1.0333 
0.977921 1.02208 
0.979966 1.02003 
0.976513 1.02349 
0.973669 1.02633 
0.973464 1.02654 
0.971619 1.02838 
0.973847 1.02615 
0.98184 1.01816 
1.01696 0.983039 
0.998956 1.00104 
0.986789 1.01321 
0.990581 1.00942 
1.00273 0.997274 
1.00929 0.99071 
1.00432 0.995685 
0.987704 1.0123 
0.975367 1.02463 
0.973272 1.02673 
0.975071 1.02493 
0.976717 1.02328 
0.992688 1.00731 
1.01183 0.988175 
0.976672 1.02333 
0.974577 1.02542 
0.968476 1.03152 
0.969872 1.03013 
0.972337 1.02766 
0.981602 1.0184 
1.00101 0.998992 
0.979957 1.02004 
0.976892 1.02311 
0.973945 1.02605 
0.972486 1.02751 
0.97877 1.02123 
0.984481 1.01552 
1.00007 0.999929 
0.990526 1.00947 
0.983418 1.01658 
0.980851 1.01915 
0.979637 1.02036 
0.988629 1.01137 
0.990965 1.00903 
1.00326 0.996736 
0.995504 1.0045 
0.99575 1.00425 
0.989774 1.01023 
0.988997 1.011 
0.991532 1.00847 
1.00113 0.998867 
1.00304 0.996963 
1.01906 0.98094 
1.01925 0.980753 
1.00217 0.997827 
1.00398 0.996016 
1.01522 0.984782 
1.01794 0.982056 
1.00804 0.991957 
0.974791 1.02521 
0.953768 1.04623 
0.942135 1.05787 
0.942787 1.05721 
0.943825 1.05617 
0.954072 1.04593 
0.974913 1.02509 
0.940276 1.05972 
0.926156 1.07384 
0.924682 1.07532 
0.920327 1.07967 
0.914813 1.08519 
0.919217 1.08078 
0.936332 1.06367 
0.944321 1.05568 
0.932742 1.06726 
0.925902 1.0741 
0.92059 1.07941 
0.918167 1.08183 
0.923382 1.07662 
0.946392 1.05361 
0.949502 1.0505 
0.940355 1.05964 
0.940416 1.05958 
0.939046 1.06095 
0.946716 1.05328 
0.952 1.048 
0.967819 1.03218 
0.979828 1.02017 
0.965176 1.03482 
0.958654 1.04135 
0.958426 1.04157 
0.956442 1.04356 
0.963721 1.03628 
0.975972 1.02403 
1.01213 0.987869 
1.013 0.987004 
0.994155 1.00584 
0.988349 1.01165 
0.991946 1.00805 
1.00978 0.99022 
1.01482 0.985182 
1.00856 0.991441 
0.984757 1.01524 
0.97833 1.02167 
0.97519 1.02481 
0.976614 1.02339 
0.975983 1.02402 
0.9955 1.0045 
0.995361 1.00464 
0.97951 1.02049 
0.973272 1.02673 
0.973899 1.0261 
0.968033 1.03197 
0.972643 1.02736 
0.983704 1.0163 
0.991997 1.008 
0.982569 1.01743 
0.975629 1.02437 
0.975657 1.02434 
0.97196 1.02804 
0.979436 1.02056 
0.98235 1.01765 
0.999519 1.00048 
0.987697 1.0123 
0.981924 1.01808 
0.98307 1.01693 
0.979858 1.02014 
0.987042 1.01296 
0.989914 1.01009 
1.00263 0.997368 
0.996272 1.00373 
0.990412 1.00959 
0.990225 1.00978 
0.991631 1.00837 
0.995685 1.00432 
0.999135 1.00086 
1.0231 0.976904 
0.992102 1.0079 
0.980573 1.01943 
0.978976 1.02102 
0.97933 1.02067 
0.977587 1.02241 
0.983868 1.01613 
0.991539 1.00846 
0.974102 1.0259 
0.971842 1.02816 
0.969541 1.03046 
0.967728 1.03227 
0.976041 1.02396 
0.988582 1.01142 
0.988363 1.01164 
0.978375 1.02162 
0.969847 1.03015 
0.966232 1.03377 
0.972166 1.02783 
0.980025 1.01997 
0.990029 1.00997 
0.992321 1.00768 
0.98521 1.01479 
0.977382 1.02262 
0.976226 1.02377 
0.982575 1.01743 
0.988485 1.01151 
0.995708 1.00429 
0.999942 1.00006 
0.991664 1.00834 
0.988682 1.01132 
0.990149 1.00985 
0.991502 1.0085 
0.995402 1.0046 
0.998168 1.00183 
1.00179 0.998206 
0.999248 1.00075 
0.992829 1.00717 
0.992936 1.00706 
0.997229 1.00277 
1.00059 0.999413 
1.00026 0.999737 
1.00606 0.993935 
0.967501 1.0325 
0.95655 1.04345 
0.943151 1.05685 
0.942955 1.05704 
0.942885 1.05711 
0.969285 1.03072 
0.987589 1.01241 
0.937588 1.06241 
0.935212 1.06479 
0.919387 1.08061 
0.916887 1.08311 
0.936789 1.06321 
0.967937 1.03206 
0.972589 1.02741 
0.92635 1.07365 
0.916299 1.0837 
0.916028 1.08397 
0.906672 1.09333 
0.945384 1.05462 
0.974611 1.02539 
0.96608 1.03392 
0.939817 1.06018 
0.909825 1.09017 
0.91835 1.08165 
0.931005 1.069 
0.955034 1.04497 
0.989672 1.01033 
0.971565 1.02843 
0.952616 1.04738 
0.926509 1.07349 
0.93951 1.06049 
0.953687 1.04631 
0.961911 1.03809 
0.998353 1.00165 
0.994942 1.00506 
0.969881 1.03012 
0.956107 1.04389 
0.968496 1.0315 
0.972775 1.02722 
0.982862 1.01714 
1.00313 0.996874 
1.02072 0.979276 
1.01896 0.98104 
0.999694 1.00031 
0.993434 1.00657 
0.992583 1.00742 
0.993739 1.00626 
0.998508 1.00149 
1.01318 0.986822 
0.992854 1.00715 
0.986801 1.0132 
0.982676 1.01732 
0.982775 1.01723 
0.979938 1.02006 
0.986511 1.01349 
0.995859 1.00414 
0.978415 1.02159 
0.974828 1.02517 
0.970645 1.02936 
0.969012 1.03099 
0.97343 1.02657 
0.984327 1.01567 
0.992971 1.00703 
0.982013 1.01799 
0.973142 1.02686 
0.968819 1.03118 
0.970744 1.02926 
0.978541 1.02146 
0.983802 1.0162 
0.992159 1.00784 
0.978514 1.02149 
0.969959 1.03004 
0.970007 1.02999 
0.974252 1.02575 
0.980934 1.01907 
0.990731 1.00927 
0.993966 1.00603 
0.981813 1.01819 
0.981184 1.01882 
0.982792 1.01721 
0.986032 1.01397 
0.990704 1.0093 
0.994716 1.00528 
1.02329 0.976711 
0.985029 1.01497 
0.96632 1.03368 
0.95327 1.04673 
0.946104 1.0539 
0.95073 1.04927 
0.961303 1.0387 
1.02428 0.975715 
0.948482 1.05152 
0.936336 1.06366 
0.930072 1.06993 
0.922791 1.07721 
0.939716 1.06028 
0.959945 1.04005 
1.00348 0.99652 
0.936517 1.06348 
0.923904 1.0761 
0.919944 1.08006 
0.90938 1.09062 
0.942594 1.05741 
0.972839 1.02716 
0.994058 1.00594 
0.949904 1.0501 
0.914658 1.08534 
0.92441 1.07559 
0.929519 1.07048 
0.949653 1.05035 
0.986523 1.01348 
0.999184 1.00082 
0.958344 1.04166 
0.934406 1.06559 
0.942623 1.05738 
0.946891 1.05311 
0.96393 1.03607 
0.998028 1.00197 
1.00921 0.990792 
0.975527 1.02447 
0.963504 1.0365 
0.967826 1.03217 
0.966739 1.03326 
0.981572 1.01843 
1.00767 0.992334 
