1.31648 0.683516 
1.29942 0.70058 
1.3223 0.677696 
1.32107 0.67893 
1.30767 0.692333 
1.29999 0.700009 
1.19907 0.800934 
1.2276 0.772397 
1.19778 0.802222 
1.15382 0.846184 
1.21411 0.785886 
1.13134 0.868659 
1.11601 0.883992 
1.12488 0.875116 
1.22605 0.773949 
1.05758 0.942419 
1.02574 0.974257 
0.948856 1.05114 
0.912104 1.0879 
1.06448 0.935517 
1.13629 0.863711 
1.16935 0.830646 
1.25395 0.746048 
1.32319 0.676809 
1.28901 0.710985 
1.36 0.640002 
1.26607 0.733927 
1.24394 0.756063 
1.13481 0.86519 
0.952181 1.04782 
0.884652 1.11535 
0.857698 1.1423 
0.926036 1.07396 
0.948528 1.05147 
1.03694 0.963065 
1.11951 0.880489 
0.986345 1.01365 
0.980797 1.0192 
0.990632 1.00937 
0.926918 1.07308 
1.03566 0.96434 
1.13293 0.867074 
1.13442 0.865576 
1.17689 0.823107 
1.0504 0.949596 
1.06075 0.939248 
1.04053 0.959465 
1.14736 0.852645 
1.10352 0.896483 
1.16 0.84 
1.10657 0.893432 
1.01403 0.985969 
1.01228 0.987719 
0.949019 1.05098 
1.06533 0.934669 
1.11304 0.886959 
1.17439 0.825613 
1.07819 0.921805 
1.05994 0.940058 
1.01559 0.984408 
1.04769 0.952308 
1.11788 0.882124 
1.13337 0.866629 
1.24088 0.759115 
1.1309 0.869098 
1.12527 0.874726 
1.03163 0.968373 
1.14722 0.852779 
1.13929 0.860707 
1.18087 0.819135 
1.16506 0.834936 
1.07965 0.92035 
1.09852 0.901479 
1.0572 0.942798 
1.10684 0.893155 
1.15161 0.848395 
1.20629 0.793705 
1.17382 0.82618 
1.05507 0.944927 
1.11071 0.889293 
1.10234 0.897664 
1.09691 0.903085 
1.26635 0.733646 
1.22183 0.778171 
1.41343 0.58657 
1.17684 0.823164 
1.16726 0.832737 
1.21766 0.782344 
1.23848 0.761522 
1.18487 0.815134 
1.19779 0.802207 
1.18702 0.812983 
1.22196 0.778036 
1.24776 0.752238 
1.26597 0.734028 
1.23297 0.767031 
1.17771 0.82229 
1.17069 0.829308 
1.14927 0.850727 
1.0688 0.931205 
0.943265 1.05674 
0.857017 1.14298 
0.814447 1.18555 
0.973848 1.02615 
1.00001 0.999987 
1.05082 0.949184 
1.15258 0.847424 
1.23916 0.760841 
1.17889 0.821111 
1.3407 0.659301 
1.23252 0.767476 
1.18936 0.810642 
1.33245 0.667545 
1.13727 0.862725 
1.05925 0.940745 
1.07312 0.926875 
1.03279 0.967212 
1.07796 0.922041 
1.19073 0.809268 
0.995587 1.00441 
0.880592 1.11941 
0.915441 1.08456 
0.90325 1.09675 
0.8695 1.1305 
0.859765 1.14024 
0.950779 1.04922 
1.19068 0.809319 
1.15012 0.849877 
1.07648 0.923522 
1.08433 0.915666 
1.10797 0.892033 
1.18201 0.817994 
1.06272 0.937275 
1.11593 0.884074 
1.00042 0.999583 
1.01926 0.980745 
1.02365 0.976351 
1.02614 0.973856 
1.10854 0.891458 
1.09267 0.907327 
1.21291 0.787094 
1.0243 0.975704 
1.04026 0.959743 
1.08582 0.914184 
1.056 0.944004 
1.13244 0.867558 
1.12628 0.873719 
1.26818 0.731818 
1.08457 0.915431 
1.09807 0.901934 
1.06444 0.935562 
1.16094 0.839059 
1.16573 0.834273 
1.16108 0.838918 
1.26646 0.733542 
1.14108 0.858924 
1.05178 0.948225 
1.04054 0.959464 
1.12715 0.872849 
1.16629 0.833709 
1.11813 0.881867 
1.2464 0.753597 
1.15983 0.840172 
1.03146 0.968544 
1.12023 0.879768 
1.08723 0.912768 
1.12751 0.872487 
1.08772 0.912281 
0.958651 1.04135 
0.994413 1.00559 
0.941102 1.0589 
0.936771 1.06323 
1.01896 0.981042 
1.27521 0.724787 
1.36614 0.633862 
1.03746 0.962539 
0.957362 1.04264 
0.840751 1.15925 
0.817716 1.18228 
0.846814 1.15319 
0.927289 1.07271 
1.17985 0.820145 
1.05288 0.947118 
0.94958 1.05042 
0.939239 1.06076 
0.869028 1.13097 
0.896439 1.10356 
1.02238 0.977625 
1.05977 0.94023 
1.11481 0.885194 
1.00785 0.992149 
0.977292 1.02271 
0.966117 1.03388 
0.950493 1.04951 
0.993699 1.0063 
1.10193 0.898068 
1.11131 0.888694 
1.03182 0.968184 
0.978996 1.021 
0.983564 1.01644 
1.03974 0.960265 
1.13524 0.864759 
1.1445 0.8555 
1.20986 0.790145 
1.17197 0.828027 
1.06789 0.932108 
1.00771 0.992295 
1.05389 0.946106 
1.20694 0.79306 
1.25076 0.749239 
0.920907 1.07909 
0.626881 1.37312 
0.837586 1.16241 
0.808471 1.19153 
1.10645 0.893555 
1.43636 0.563643 
1.4958 0.504204 
0.837972 1.16203 
0.517093 1.48291 
0.552214 1.44779 
0.66118 1.33882 
0.715569 1.28443 
1.15773 0.842268 
1.52894 0.471063 
0.971903 1.0281 
0.651809 1.34819 
0.503658 1.49634 
0.596173 1.40383 
0.714484 1.28552 
1.0801 0.919896 
1.38357 0.616434 
1.11594 0.884065 
0.969673 1.03033 
0.671707 1.32829 
0.756729 1.24327 
0.803682 1.19632 
1.05751 0.942489 
1.29439 0.705612 
1.25697 0.743024 
1.00185 0.998152 
0.887268 1.11273 
0.917629 1.08237 
0.885561 1.11444 
1.23809 0.761911 
1.21397 0.786032 
1.30401 0.695994 
1.12959 0.870406 
1.01818 0.981825 
0.973839 1.02616 
0.891713 1.10829 
1.48145 0.518547 
1.33161 0.668394 
1.13278 0.867218 
1.05785 0.942147 
0.995676 1.00432 
1.05653 0.94347 
1.27651 0.723495 
1.47788 0.522121 
1.28633 0.713671 
0.922597 1.0774 
0.957669 1.04233 
0.92819 1.07181 
0.96021 1.03979 
1.03399 0.966005 
1.24613 0.753873 
1.2732 0.726803 
0.933159 1.06684 
0.880434 1.11957 
0.852182 1.14782 
0.858894 1.14111 
0.878967 1.12103 
1.01897 0.981026 
1.17196 0.828039 
0.974726 1.02527 
0.926822 1.07318 
0.928787 1.07121 
0.889564 1.11044 
0.890554 1.10945 
1.02294 0.977063 
1.17117 0.828828 
1.07461 0.925389 
0.916844 1.08316 
0.848351 1.15165 
0.869568 1.13043 
0.938676 1.06132 
1.01104 0.98896 
1.12375 0.876253 
1.15921 0.840793 
1.00452 0.995482 
0.914901 1.0851 
0.973487 1.02651 
0.97209 1.02791 
1.02688 0.973115 
1.13539 0.864606 
0.685637 1.31436 
0.798234 1.20177 
0.732641 1.26736 
0.687653 1.31235 
0.858405 1.14159 
1.08886 0.911138 
1.3773 0.622696 
0.615632 1.38437 
0.632777 1.36722 
0.489984 1.51002 
0.61835 1.38165 
0.640983 1.35902 
0.808038 1.19196 
1.10807 0.891933 
0.926212 1.07379 
0.746195 1.2538 
0.498581 1.50142 
0.632878 1.36712 
0.63083 1.36917 
0.759026 1.24097 
0.993081 1.00692 
1.1845 0.815504 
1.00296 0.997042 
0.695789 1.30421 
0.715959 1.28404 
0.679439 1.32056 
0.807277 1.19272 
0.897107 1.10289 
1.20057 0.799427 
1.13231 0.867686 
0.910202 1.0898 
0.850556 1.14944 
0.812102 1.1879 
1.02252 0.977482 
0.983414 1.01659 
1.19146 0.808538 
1.18786 0.812137 
1.04277 0.957232 
0.892936 1.10706 
0.911356 1.08864 
1.27014 0.72986 
1.18237 0.817628 
1.1338 0.866203 
0.651684 1.34832 
0.621695 1.3783 
0.7554 1.2446 
0.776628 1.22337 
0.937005 1.06299 
1.00295 0.99705 
0.769538 1.23046 
0.66212 1.33788 
0.644212 1.35579 
0.663803 1.3362 
0.557163 1.44284 
0.667323 1.33268 
0.92458 1.07542 
0.816953 1.18305 
0.740653 1.25935 
0.702107 1.29789 
0.626127 1.37387 
0.576122 1.42388 
0.58882 1.41118 
0.579937 1.42006 
0.875684 1.12432 
0.798295 1.2017 
0.873466 1.12653 
0.827556 1.17244 
0.852354 1.14765 
0.736424 1.26358 
0.856886 1.14311 
1.16943 0.830573 
1.00592 0.994084 
0.91428 1.08572 
0.92868 1.07132 
0.925668 1.07433 
1.03042 0.969577 
1.03841 0.961594 
1.10955 0.89045 
1.0414 0.958601 
1.02958 0.970425 
0.998441 1.00156 
0.953173 1.04683 
1.00743 0.99257 
1.08585 0.914151 
1.46512 0.534878 
1.18079 0.819209 
1.01766 0.982336 
1.04779 0.952215 
1.29579 0.704212 
1.36841 0.631593 
1.27054 0.729464 
1.02521 0.974795 
0.924507 1.07549 
0.871631 1.12837 
0.889658 1.11034 
0.920213 1.07979 
1.12586 0.874144 
1.31096 0.689042 
0.959433 1.04057 
0.924387 1.07561 
0.890575 1.10943 
0.853336 1.14666 
0.912678 1.08732 
0.982612 1.01739 
1.14671 0.853291 
1.00491 0.995087 
0.928179 1.07182 
0.950047 1.04995 
0.880482 1.11952 
0.94193 1.05807 
1.03087 0.969129 
1.14621 0.853791 
1.14134 0.858658 
0.991646 1.00835 
0.986673 1.01333 
0.943589 1.05641 
1.03069 0.969309 
1.07496 0.925044 
1.1743 0.825698 
1.14301 0.856991 
1.15685 0.843152 
1.04599 0.954013 
1.01274 0.987256 
1.05856 0.941441 
1.19305 0.806946 
1.17005 0.82995 
1.5812 0.418801 
1.56076 0.439241 
1.31116 0.688838 
1.3003 0.699698 
1.49538 0.504622 
1.5219 0.478098 
1.38368 0.616322 
1.11682 0.883183 
0.840547 1.15945 
0.751214 1.24879 
0.797519 1.20248 
0.778008 1.22199 
0.888187 1.11181 
1.07157 0.928429 
0.898446 1.10155 
0.76377 1.23623 
0.863829 1.13617 
0.802694 1.19731 
0.767762 1.23224 
0.68992 1.31008 
0.704412 1.29559 
0.765062 1.23494 
0.715144 1.28486 
0.709992 1.29001 
0.600587 1.39941 
0.570346 1.42965 
0.67842 1.32158 
0.79767 1.20233 
0.96249 1.03751 
0.787999 1.212 
0.769506 1.23049 
0.740566 1.25943 
0.833827 1.16617 
0.781106 1.21889 
0.874733 1.12527 
1.13394 0.866056 
0.900221 1.09978 
0.871734 1.12827 
0.889352 1.11065 
0.78784 1.21216 
0.904837 1.09516 
1.02552 0.974483 
1.43925 0.560748 
1.41775 0.582248 
1.1471 0.852895 
1.01238 0.987625 
1.10456 0.895436 
1.36625 0.633745 
1.36338 0.636626 
1.32578 0.674219 
1.00845 0.991553 
0.951676 1.04832 
0.859463 1.14054 
0.941449 1.05855 
0.929497 1.0705 
1.08723 0.91277 
1.13613 0.863874 
0.953227 1.04677 
0.905649 1.09435 
0.90854 1.09146 
0.901222 1.09878 
0.914687 1.08531 
0.974042 1.02596 
1.11714 0.882858 
0.989495 1.01051 
0.929517 1.07048 
0.962332 1.03767 
0.931629 1.06837 
0.976856 1.02314 
0.915221 1.08478 
1.22304 0.776958 
1.03166 0.968338 
0.986182 1.01382 
1.01135 0.98865 
0.989314 1.01069 
1.0569 0.943098 
0.960499 1.0395 
1.21055 0.789449 
1.11641 0.883591 
1.03789 0.96211 
1.03075 0.96925 
1.06731 0.932687 
1.14249 0.857508 
1.08019 0.919811 
1.54321 0.456792 
1.06971 0.930292 
0.913968 1.08603 
0.906616 1.09338 
0.9457 1.0543 
0.938183 1.06182 
0.909994 1.09001 
1.07939 0.92061 
0.884285 1.11571 
0.903201 1.0968 
0.887155 1.11284 
0.860151 1.13985 
0.940349 1.05965 
1.02784 0.972159 
1.09624 0.903757 
0.993294 1.00671 
0.920953 1.07905 
0.876483 1.12352 
0.927206 1.07279 
0.986848 1.01315 
1.05348 0.946523 
1.11336 0.886642 
0.998466 1.00153 
0.936896 1.0631 
0.926441 1.07356 
1.02299 0.977008 
1.11145 0.888546 
1.14289 0.857106 
1.16627 0.833726 
1.05362 0.946376 
1.02596 0.974044 
1.05102 0.948981 
1.05628 0.943716 
1.09925 0.900745 
1.13696 0.863041 
1.19355 0.806445 
1.09143 0.908571 
0.990858 1.00914 
0.988797 1.0112 
1.073 0.927 
1.16779 0.832207 
1.11847 0.881529 
1.42447 0.575526 
0.899818 1.10018 
0.723823 1.27618 
0.635095 1.36491 
0.763252 1.23675 
0.759922 1.24008 
0.852233 1.14777 
1.15554 0.844462 
0.644315 1.35569 
0.634968 1.36503 
0.511612 1.48839 
0.597184 1.40282 
0.686726 1.31327 
0.890369 1.10963 
1.0449 0.955101 
0.623729 1.37627 
0.589726 1.41027 
0.683106 1.31689 
0.515691 1.48431 
0.911848 1.08815 
0.989567 1.01043 
0.927128 1.07287 
0.765191 1.23481 
0.562226 1.43777 
0.708441 1.29156 
0.788618 1.21138 
1.09311 0.906894 
1.21089 0.789105 
0.861885 1.13811 
0.796251 1.20375 
0.60887 1.39113 
0.784928 1.21507 
0.947906 1.05209 
1.10823 0.89177 
1.27426 0.725743 
1.18539 0.814612 
0.916609 1.08339 
0.774702 1.2253 
0.917776 1.08222 
1.01432 0.985679 
1.24935 0.750649 
1.26641 0.733585 
1.50625 0.493746 
1.43929 0.560712 
1.10407 0.895935 
1.01294 0.987057 
1.038 0.961998 
1.07373 0.926273 
1.09418 0.905818 
1.38842 0.611584 
1.03778 0.962218 
0.977126 1.02287 
0.920305 1.07969 
0.952373 1.04763 
0.956609 1.04339 
0.9264 1.0736 
1.16915 0.830855 
0.933184 1.06682 
0.888256 1.11174 
0.861153 1.13885 
0.860149 1.13985 
0.876367 1.12363 
0.919434 1.08057 
1.12677 0.873232 
1.03666 0.963337 
0.969933 1.03007 
0.90988 1.09012 
0.918203 1.0818 
0.990102 1.0099 
0.971297 1.0287 
1.14527 0.854731 
0.98005 1.01995 
0.885388 1.11461 
0.899722 1.10028 
0.932241 1.06776 
0.988228 1.01177 
1.06777 0.932234 
1.05849 0.941513 
0.894387 1.10561 
0.943108 1.05689 
0.975504 1.0245 
1.01353 0.986468 
1.10191 0.898088 
1.13058 0.869425 
1.74336 0.256641 
1.16841 0.83159 
0.886999 1.113 
0.721231 1.27877 
0.773552 1.22645 
0.835276 1.16472 
0.873692 1.12631 
1.70117 0.298834 
0.767145 1.23285 
0.694291 1.30571 
0.583286 1.41671 
0.640118 1.35988 
0.740071 1.25993 
0.915246 1.08475 
1.44495 0.555048 
0.705269 1.29473 
0.698406 1.30159 
0.655538 1.34446 
0.566445 1.43356 
0.887465 1.11253 
1.0624 0.9376 
1.35605 0.643954 
0.865371 1.13463 
0.618056 1.38194 
0.665526 1.33447 
0.822482 1.17752 
1.04787 0.952127 
1.20755 0.79245 
1.33415 0.665851 
0.856695 1.14331 
0.683922 1.31608 
0.76056 1.23944 
0.872396 1.1276 
1.16041 0.839595 
1.2813 0.718704 
1.43359 0.566407 
0.98305 1.01695 
0.864838 1.13516 
0.892133 1.10787 
0.916925 1.08307 
1.25127 0.748732 
1.39477 0.605233 
