1.36959 0.630415 
1.34458 0.655424 
1.37991 0.620086 
1.39175 0.608254 
1.38671 0.613293 
1.35763 0.642373 
1.2098 0.790201 
1.28288 0.717117 
1.25204 0.747965 
1.19623 0.803775 
1.27731 0.722688 
1.15241 0.847592 
1.11814 0.881858 
1.13882 0.861179 
1.28687 0.713125 
1.06372 0.936285 
1.04911 0.950888 
0.949561 1.05044 
0.893839 1.10616 
1.09307 0.906926 
1.17785 0.82215 
1.17834 0.821657 
1.29614 0.703863 
1.39003 0.609966 
1.34508 0.654923 
1.44086 0.559144 
1.32708 0.672917 
1.31187 0.688127 
1.16115 0.838854 
0.94137 1.05863 
0.868519 1.13148 
0.829755 1.17025 
0.928309 1.07169 
0.925768 1.07423 
1.03769 0.962311 
1.15022 0.849779 
0.977691 1.02231 
0.978351 1.02165 
0.994773 1.00523 
0.907641 1.09236 
1.03835 0.961647 
1.16925 0.830754 
1.17048 0.829524 
1.22956 0.770439 
1.06118 0.938816 
1.07728 0.922722 
1.05038 0.949616 
1.18356 0.816443 
1.11861 0.881393 
1.20019 0.799805 
1.13756 0.862444 
1.02012 0.979876 
1.01235 0.987649 
0.927673 1.07233 
1.08115 0.918851 
1.1419 0.858103 
1.22242 0.777582 
1.11129 0.888714 
1.09006 0.909941 
1.02263 0.977375 
1.06809 0.93191 
1.15405 0.845951 
1.17415 0.825852 
1.30874 0.691257 
1.17642 0.823581 
1.16857 0.83143 
1.04606 0.953939 
1.20814 0.791862 
1.17875 0.821247 
1.2357 0.7643 
1.20881 0.791191 
1.10566 0.89434 
1.13792 0.862076 
1.0801 0.919903 
1.14893 0.851074 
1.18632 0.813676 
1.27116 0.728836 
1.21867 0.781333 
1.06582 0.934184 
1.15428 0.845724 
1.13935 0.860645 
1.12168 0.878318 
1.34249 0.657512 
1.29527 0.70473 
1.50545 0.49455 
1.19217 0.807828 
1.18713 0.812873 
1.27849 0.721514 
1.30768 0.692319 
1.19672 0.803277 
1.2059 0.794098 
1.23005 0.769951 
1.28098 0.719022 
1.31418 0.685824 
1.33382 0.666182 
1.28964 0.710363 
1.20796 0.792044 
1.20352 0.796483 
1.19259 0.80741 
1.09154 0.908462 
0.939392 1.06061 
0.823206 1.17679 
0.75045 1.24955 
0.96595 1.03405 
0.997259 1.00274 
1.00772 0.992276 
1.16886 0.831141 
1.29357 0.706431 
1.20202 0.797982 
1.43887 0.561132 
1.3002 0.699797 
1.24226 0.757743 
1.43732 0.562677 
1.18018 0.819822 
1.08285 0.917148 
1.10548 0.894518 
1.05938 0.940621 
1.0945 0.905498 
1.23686 0.763142 
0.973209 1.02679 
0.840376 1.15962 
0.902062 1.09794 
0.885749 1.11425 
0.840557 1.15944 
0.81145 1.18855 
0.926436 1.07356 
1.23566 0.764338 
1.19626 0.803743 
1.09459 0.905409 
1.10754 0.892461 
1.14003 0.859974 
1.24764 0.752361 
1.07522 0.924777 
1.13784 0.862164 
0.996417 1.00358 
1.02464 0.975361 
1.03134 0.968655 
1.03541 0.964593 
1.13912 0.860884 
1.11065 0.889347 
1.27351 0.726493 
1.02283 0.977172 
1.05703 0.942967 
1.1273 0.8727 
1.08167 0.918333 
1.17665 0.823345 
1.16099 0.83901 
1.34661 0.653385 
1.10938 0.890616 
1.13611 0.863886 
1.08473 0.915267 
1.22493 0.775069 
1.22238 0.777624 
1.20718 0.79282 
1.34236 0.657637 
1.18506 0.814936 
1.07067 0.929331 
1.05218 0.947821 
1.18472 0.815275 
1.217 0.783002 
1.1416 0.8584 
1.3145 0.685498 
1.20252 0.797479 
1.0415 0.958495 
1.16576 0.834237 
1.1177 0.882298 
1.15824 0.841762 
1.09714 0.902863 
0.948596 1.0514 
1.00518 0.994824 
0.937662 1.06234 
0.933949 1.06605 
1.04026 0.959744 
1.34354 0.656461 
1.44414 0.555856 
1.05436 0.94564 
0.959296 1.0407 
0.804301 1.1957 
0.774687 1.22531 
0.819987 1.18001 
0.908586 1.09141 
1.23273 0.767272 
1.0702 0.929803 
0.943568 1.05643 
0.945122 1.05488 
0.847552 1.15245 
0.879162 1.12084 
1.04345 0.95655 
1.08611 0.913889 
1.14352 0.856476 
1.00279 0.997206 
0.976834 1.02317 
0.966405 1.03359 
0.935842 1.06416 
0.978671 1.02133 
1.1284 0.871599 
1.13395 0.866051 
1.03218 0.967815 
0.970184 1.02982 
0.9832 1.0168 
1.05625 0.94375 
1.16561 0.834392 
1.18483 0.815168 
1.27263 0.727371 
1.22261 0.777388 
1.07934 0.920658 
0.993313 1.00669 
1.05833 0.941668 
1.26179 0.738209 
1.33218 0.667824 
0.907845 1.09215 
0.528827 1.47117 
0.817533 1.18247 
0.760513 1.23949 
1.14422 0.855777 
1.5643 0.435702 
1.59645 0.403553 
0.803345 1.19665 
0.393226 1.60677 
0.453375 1.54663 
0.587644 1.41236 
0.660822 1.33918 
1.20705 0.792954 
1.60085 0.399151 
0.977836 1.02216 
0.581135 1.41887 
0.404635 1.59536 
0.524786 1.47521 
0.680815 1.31918 
1.11386 0.886137 
1.42992 0.570082 
1.14121 0.85879 
0.997809 1.00219 
0.625111 1.37489 
0.731716 1.26828 
0.789759 1.21024 
1.06742 0.932584 
1.33167 0.668331 
1.30001 0.699993 
1.00536 0.994644 
0.897568 1.10243 
0.925126 1.07487 
0.881036 1.11896 
1.27928 0.720723 
1.23371 0.766287 
1.3643 0.635701 
1.16678 0.833218 
1.04327 0.956727 
0.97784 1.02216 
0.859627 1.14037 
1.59227 0.407732 
1.42558 0.574421 
1.17032 0.829677 
1.07822 0.921778 
0.993235 1.00676 
1.06585 0.934148 
1.34116 0.658843 
1.60001 0.399989 
1.37023 0.62977 
0.896284 1.10372 
0.95245 1.04755 
0.910589 1.08941 
0.956642 1.04336 
1.05437 0.945628 
1.31466 0.685343 
1.34142 0.658583 
0.917517 1.08248 
0.850861 1.14914 
0.816017 1.18398 
0.829675 1.17033 
0.861391 1.13861 
1.03951 0.96049 
1.22453 0.775469 
0.970616 1.02938 
0.916401 1.0836 
0.931711 1.06829 
0.875425 1.12458 
0.867232 1.13277 
1.0366 0.963402 
1.22787 0.772129 
1.10068 0.899316 
0.89301 1.10699 
0.812058 1.18794 
0.839848 1.16015 
0.923747 1.07625 
1.00887 0.991128 
1.15213 0.847868 
1.1944 0.805601 
0.998944 1.00106 
0.883551 1.11645 
0.967048 1.03295 
0.963227 1.03677 
1.02009 0.979908 
1.1702 0.829801 
0.575639 1.42436 
0.769915 1.23008 
0.677174 1.32283 
0.603984 1.39602 
0.831069 1.16893 
1.12123 0.878775 
1.42378 0.576223 
0.496099 1.5039 
0.554378 1.44562 
0.358968 1.64103 
0.54487 1.45513 
0.564289 1.43571 
0.781781 1.21822 
1.06543 0.934567 
0.906822 1.09318 
0.700922 1.29908 
0.399881 1.60012 
0.589117 1.41088 
0.568017 1.43198 
0.70837 1.29163 
0.948152 1.05185 
1.23116 0.768842 
1.03019 0.969808 
0.659857 1.34014 
0.686707 1.31329 
0.624026 1.37597 
0.744703 1.2553 
0.813301 1.1867 
1.2167 0.783298 
1.16794 0.832062 
0.919242 1.08076 
0.839787 1.16021 
0.784863 1.21514 
1.01874 0.981263 
0.915387 1.08461 
1.20344 0.796556 
1.23402 0.765977 
1.07319 0.926812 
0.857372 1.14263 
0.884287 1.11571 
1.33344 0.666556 
1.20076 0.79924 
1.06933 0.930671 
0.483587 1.51641 
0.490295 1.5097 
0.677844 1.32216 
0.701967 1.29803 
0.868289 1.13171 
0.9352 1.0648 
0.716288 1.28371 
0.597939 1.40206 
0.596558 1.40344 
0.626597 1.3734 
0.463023 1.53698 
0.599163 1.40084 
0.921771 1.07823 
0.795976 1.20402 
0.710216 1.28978 
0.674232 1.32577 
0.568665 1.43134 
0.500299 1.4997 
0.51264 1.48736 
0.48492 1.51508 
0.842271 1.15773 
0.760597 1.2394 
0.877582 1.12242 
0.819327 1.18067 
0.85991 1.14009 
0.690089 1.30991 
0.830014 1.16999 
1.23411 0.765892 
1.01687 0.983133 
0.897087 1.10291 
0.921377 1.07862 
0.917712 1.08229 
1.02788 0.972124 
1.02661 0.97339 
1.11356 0.886444 
1.03495 0.965047 
1.03374 0.966265 
0.970249 1.02975 
0.899047 1.10095 
0.97679 1.02321 
1.10165 0.898349 
1.58353 0.416469 
1.23759 0.762412 
1.0396 0.960399 
1.06087 0.939125 
1.38182 0.618182 
1.46226 0.537743 
1.36485 0.635148 
1.02147 0.978532 
0.92891 1.07109 
0.852839 1.14716 
0.869412 1.13059 
0.910631 1.08937 
1.15527 0.844732 
1.39372 0.606275 
0.962175 1.03782 
0.920525 1.07947 
0.879093 1.12091 
0.819201 1.1808 
0.906918 1.09308 
0.986193 1.01381 
1.18843 0.811566 
1.02065 0.979349 
0.916058 1.08394 
0.953932 1.04607 
0.854752 1.14525 
0.933368 1.06663 
1.04914 0.950857 
1.19644 0.803559 
1.1896 0.810402 
0.992493 1.00751 
0.98959 1.01041 
0.934476 1.06552 
1.04548 0.954516 
1.09174 0.908259 
1.22362 0.776378 
1.1824 0.817603 
1.21022 0.789775 
1.06073 0.93927 
1.01004 0.989957 
1.07301 0.926989 
1.24547 0.754533 
1.22419 0.775807 
1.65507 0.344926 
1.64586 0.35414 
1.36774 0.632264 
1.35027 0.649727 
1.57122 0.42878 
1.57008 0.429923 
1.43727 0.562727 
1.14271 0.857294 
0.810415 1.18959 
0.720663 1.27934 
0.798249 1.20175 
0.759101 1.2409 
0.871489 1.12851 
1.09434 0.905664 
0.89602 1.10398 
0.740331 1.25967 
0.890125 1.10987 
0.802777 1.19722 
0.770017 1.22998 
0.646218 1.35378 
0.639705 1.3603 
0.696524 1.30348 
0.656473 1.34353 
0.674066 1.32593 
0.519066 1.48093 
0.484936 1.51506 
0.632253 1.36775 
0.767215 1.23278 
0.976337 1.02366 
0.748606 1.25139 
0.727767 1.27223 
0.688515 1.31149 
0.806996 1.193 
0.699564 1.30044 
0.811202 1.1888 
1.14893 0.85107 
0.838726 1.16127 
0.823202 1.1768 
0.84696 1.15304 
0.69727 1.30273 
0.859987 1.14001 
1.03007 0.969926 
1.56258 0.437414 
1.5312 0.468801 
1.19591 0.804092 
1.02407 0.975926 
1.15179 0.848212 
1.46557 0.534428 
1.45783 0.542168 
1.39845 0.601549 
1.01479 0.985208 
0.956771 1.04323 
0.824178 1.17582 
0.949573 1.05043 
0.928545 1.07146 
1.10925 0.890746 
1.17227 0.827726 
0.948814 1.05119 
0.895299 1.1047 
0.893041 1.10696 
0.897077 1.10292 
0.905101 1.0949 
0.978673 1.02133 
1.15256 0.847437 
0.993048 1.00695 
0.921714 1.07829 
0.966952 1.03305 
0.933971 1.06603 
0.979272 1.02073 
0.89419 1.10581 
1.29173 0.708273 
1.03642 0.963584 
0.991831 1.00817 
1.02338 0.976624 
1.00313 0.996869 
1.08067 0.919327 
0.937332 1.06267 
1.26785 0.73215 
1.14278 0.857222 
1.05054 0.949457 
1.03648 0.963517 
1.08778 0.912222 
1.18288 0.817119 
1.08853 0.911468 
1.67901 0.320988 
1.08238 0.917617 
0.891578 1.10842 
0.883067 1.11693 
0.938811 1.06119 
0.930428 1.06957 
0.872455 1.12754 
1.10434 0.895659 
0.870482 1.12952 
0.900225 1.09978 
0.870868 1.12913 
0.830537 1.16946 
0.924168 1.07583 
1.03442 0.965584 
1.1359 0.864102 
1.00893 0.991068 
0.923882 1.07612 
0.862604 1.1374 
0.926794 1.07321 
0.992065 1.00793 
1.0745 0.925499 
1.14421 0.85579 
0.996259 1.00374 
0.927772 1.07223 
0.906358 1.09364 
1.03105 0.968947 
1.14948 0.850525 
1.18931 0.81069 
1.20442 0.795582 
1.06607 0.933935 
1.03914 0.960863 
1.07533 0.92467 
1.07302 0.926977 
1.1153 0.884702 
1.17965 0.820355 
1.24684 0.753157 
1.10472 0.895283 
0.975209 1.02479 
0.972271 1.02773 
1.08553 0.914471 
1.21455 0.785448 
1.15047 0.849526 
1.47522 0.524779 
0.879432 1.12057 
0.640805 1.35919 
0.535132 1.46487 
0.725151 1.27485 
0.697255 1.30275 
0.782261 1.21774 
1.14419 0.855813 
0.567845 1.43216 
0.552641 1.44736 
0.393436 1.60656 
0.531344 1.46866 
0.603578 1.39642 
0.852925 1.14708 
1.03345 0.966548 
0.547743 1.45226 
0.519959 1.48004 
0.643286 1.35671 
0.414811 1.58519 
0.903007 1.09699 
0.979623 1.02038 
0.867185 1.13281 
0.731462 1.26854 
0.480352 1.51965 
0.670112 1.32989 
0.756999 1.243 
1.13334 0.866662 
1.25636 0.743638 
0.736391 1.26361 
0.742704 1.2573 
0.514309 1.48569 
0.7526 1.2474 
0.941917 1.05808 
1.13299 0.867011 
1.33 0.670004 
1.1681 0.831899 
0.884761 1.11524 
0.714681 1.28532 
0.897365 1.10264 
1.01082 0.989177 
1.30942 0.690582 
1.31804 0.68196 
1.64202 0.357982 
1.54771 0.45229 
1.12362 0.876379 
1.01367 0.986333 
1.05192 0.948079 
1.08972 0.910284 
1.11097 0.889031 
1.49176 0.508242 
1.04142 0.958577 
0.979259 1.02074 
0.901122 1.09888 
0.945941 1.05406 
0.956823 1.04318 
0.888818 1.11118 
1.22149 0.778511 
0.924911 1.07509 
0.868308 1.13169 
0.836716 1.16328 
0.839221 1.16078 
0.846064 1.15394 
0.891966 1.10803 
1.16347 0.836525 
1.06728 0.932723 
0.987408 1.01259 
0.902571 1.09743 
0.910649 1.08935 
1.00092 0.999076 
0.968652 1.03135 
1.19215 0.807849 
0.990598 1.0094 
0.864944 1.13506 
0.881688 1.11831 
0.916956 1.08304 
0.983491 1.01651 
1.08934 0.910663 
1.04754 0.952465 
0.845599 1.1544 
0.928353 1.07165 
0.972513 1.02749 
1.01488 0.985124 
1.12374 0.876262 
1.16921 0.830786 
1.90686 0.0931406 
1.20418 0.795824 
0.852487 1.14751 
0.638538 1.36146 
0.741836 1.25816 
0.801722 1.19828 
0.848315 1.15169 
1.82442 0.175576 
0.711697 1.2883 
0.64239 1.35761 
0.475036 1.52496 
0.584009 1.41599 
0.677087 1.32291 
0.922968 1.07703 
1.51332 0.486675 
0.652228 1.34777 
0.671557 1.32844 
0.596757 1.40324 
0.484045 1.51596 
0.874631 1.12537 
1.09552 0.904476 
1.42635 0.573649 
0.847685 1.15232 
0.563307 1.43669 
0.591254 1.40875 
0.813447 1.18655 
1.08308 0.91692 
1.26485 0.735151 
1.37074 0.629257 
0.805915 1.19409 
0.618182 1.38182 
0.709287 1.29071 
0.848854 1.15115 
1.21637 0.783627 
1.33988 0.660125 
1.49839 0.501612 
0.959439 1.04056 
0.831238 1.16876 
0.865286 1.13471 
0.878941 1.12106 
1.3329 0.667098 
1.50046 0.499544 
